2473 1
2623 1
2719 1
2806 1
2825 1
2857 1
2898 1
2928 1
2960 1
2967 1
2972 1
2975 1
2993 1
2998 1
3020 1
3022 1
3026 1
3036 1
3045 1
3048 1
3053 1
3076 1
3081 1
3082 1
3096 1
3098 1
3139 1
3148 1
3166 1
3188 1
3197 1
3205 1
3211 1
3222 1
3236 1
3239 1
3252 1
3266 1
3270 1
3292 1
3295 1
3308 1
3310 1
3333 1
3337 1
3341 1
3354 1
3366 1
3376 1
3378 1
33331 1
3386 1
3394 1
3395 1
3398 1
3399 1
3403 1
3413 1
3431 1
3450 1
3456 1
3461 1
3470 1
3472 1
3480 1
3482 1
3485 1
3491 1
3506 1
3515 1
3529 1
3531 1
3537 1
3538 1
3545 1
3550 1
3555 1
3565 1
3588 1
3589 1
3592 1
3596 1
3602 1
3604 1
3614 1
3622 1
3626 1
3636 1
3657 1
3665 1
3677 1
3678 1
3681 1
3687 1
3691 1
3692 1
3696 1
36469 1
3708 1
3711 1
3713 1
3716 1
3719 1
3727 1
3731 1
3735 1
3746 1
3749 1
3750 1
3752 1
3754 1
3756 1
3758 1
3763 1
3764 1
3766 1
3774 1
3787 1
3789 1
3790 1
3791 1
3796 1
3817 1
3833 1
3834 1
3837 1
3839 1
3840 1
3843 1
3846 1
3852 1
3855 1
3857 1
3859 1
3860 1
3861 1
3866 1
3875 1
3890 1
3892 1
3897 1
3899 1
3900 1
3901 1
3909 1
3914 1
3921 1
3922 1
102231 1
3932 1
3936 1
3937 1
3938 1
3943 1
3944 1
3945 1
3955 1
3963 1
3964 1
3966 1
3973 1
3976 1
3977 1
3978 1
3980 1
3984 1
3997 1
3999 1
4001 1
4002 1
4004 1
4015 1
4022 1
4023 1
4024 1
4027 1
4031 1
4032 1
4033 1
4039 1
4041 1
4050 1
4051 1
4061 1
4064 1
4067 1
4072 1
4073 1
4079 1
4088 1
4090 1
4091 1
4095 1
4096 1
4102 1
4107 1
4108 1
4112 1
4115 1
4116 1
4118 1
38916 1
4125 1
4126 1
4129 1
4130 1
4133 1
4138 1
4142 1
4145 1
4159 1
4160 1
4163 1
4165 1
4168 1
4174 1
4179 1
4180 1
4184 1
4186 1
4187 1
4189 1
4193 1
4196 1
4200 1
4206 1
4212 1
4215 1
4223 1
4224 1
4231 1
4235 1
4236 1
4240 1
4245 1
4248 1
4258 1
4260 1
4264 1
4267 1
4271 1
4284 1
4291 1
4296 1
4301 1
4310 1
4313 1
4315 1
4322 1
4323 1
4325 1
4329 1
4333 1
4336 1
4339 1
4340 1
4346 1
4349 1
4350 1
4353 1
4358 1
4360 1
4361 1
4364 1
4367 1
4372 1
4378 1
4379 1
4384 1
4386 1
4388 1
4390 1
4392 1
4393 1
4396 1
4401 1
4404 1
4406 1
4408 1
4414 1
4415 1
4418 1
4420 1
4423 1
4428 1
4431 1
4432 1
4439 1
4441 1
4443 1
4445 1
99045 1
4448 1
4450 1
4452 1
4456 1
4458 1
4459 1
4462 1
4464 1
4465 1
4467 1
4469 1
4470 1
4476 1
4479 1
4481 1
37250 1
4484 1
4486 1
4489 1
4493 1
4499 1
4503 1
4504 1
4506 1
4507 1
4510 1
4512 1
4515 1
4518 1
4522 1
4527 1
4528 1
4529 1
4537 1
4539 1
4543 1
4546 1
4549 1
4550 1
4552 1
4559 1
4563 1
4567 1
4573 1
4574 1
4577 1
4578 1
4580 1
4581 1
4582 1
4585 1
4586 1
4588 1
4589 1
4597 1
4601 1
4603 1
4604 1
4610 1
4612 1
4614 1
4622 1
4624 1
4628 1
4630 1
4631 1
4632 1
4633 1
4634 1
4635 1
37404 1
4640 1
4642 1
4646 1
4652 1
4653 1
4655 1
4661 1
4668 1
4670 1
4672 1
4675 1
4680 1
37457 1
4693 1
4694 1
4695 1
4701 1
4703 1
4704 1
4705 1
4712 1
4714 1
4715 1
4719 1
4722 1
4728 1
4731 1
1049365 1
4737 1
4739 1
4742 1
4744 1
4747 1
4754 1
4755 1
4758 1
4763 1
4764 1
4768 1
4770 1
4773 1
4775 1
4776 1
4777 1
4779 1
4781 1
4784 1
4785 1
4789 1
4794 1
4796 1
4797 1
4798 1
33569 1
4808 1
4814 1
4817 1
4821 1
4824 1
4828 1
4829 1
4835 1
4837 1
4839 1
4842 1
4843 1
4844 1
4851 1
4854 1
4857 1
4858 1
4859 1
4864 1
4866 1
4870 1
4871 1
4880 1
4882 1
4885 1
4886 1
4888 1
4891 1
4892 1
4893 1
4894 1
4895 1
4900 1
4901 1
201510 1
4903 1
4905 1
4909 1
4911 1
4914 1
4917 1
4920 1
4925 1
4927 1
4928 1
4933 1
4934 1
4935 1
4936 1
4939 1
4940 1
4942 1
4943 1
4944 1
4946 1
4947 1
4952 1
4955 1
4957 1
4962 1
4964 1
4965 1
4968 1
4971 1
4980 1
4984 1
4986 1
4996 1
5001 1
5002 1
5004 1
5007 1
5010 1
5012 1
5017 1
5018 1
5019 1
5020 1
5021 1
5022 1
5023 1
5031 1
5034 1
5035 1
5036 1
5039 1
5040 1
5042 1
5043 1
5045 1
5047 1
5052 1
5054 1
5055 1
5061 1
5063 1
5064 1
5066 1
5070 1
5075 1
5076 1
5077 1
5078 1
5079 1
5083 1
49270 1
5086 1
5093 1
5094 1
5095 1
5096 1
5101 1
5104 1
5107 1
5110 1
5112 1
5113 1
5116 1
5118 1
5121 1
5122 1
5125 1
5128 1
5133 1
39085 1
5138 1
5139 1
33625 1
5144 1
5145 1
5148 1
726048 1
5158 1
5160 1
5161 1
5163 1
5168 1
5174 1
5176 1
5177 1
5179 1
5180 1
5181 1
5188 1
5190 1
5191 1
5192 1
5194 1
5196 1
5197 1
5200 1
5202 1
5203 1
5206 1
5207 1
5208 1
5209 1
5210 1
5214 1
5215 1
5221 1
5228 1
5230 1
5231 1
5232 1
5233 1
5234 1
5235 1
5236 1
5239 1
5241 1
5245 1
5252 1
5255 1
5257 1
5258 1
5260 1
5261 1
5263 1
32909 1
5265 1
5266 1
5267 1
5268 1
5270 1
5271 1
5278 1
5282 1
5283 1
5284 1
5288 1
5289 1
5294 1
65644 1
5301 1
5303 1
5305 1
5307 1
38078 1
5311 1
5312 1
5313 1
5314 1
5315 1
5321 1
5325 1
5326 1
5327 1
5329 1
5334 1
5336 1
5337 1
5343 1
5346 1
5347 1
5353 1
70893 1
5360 1
5367 1
5372 1
5376 1
5377 1
5379 1
5381 1
5383 1
5384 1
5397 1
5402 1
5406 1
5407 1
169248 1
5409 1
5411 1
5415 1
5416 1
5417 1
5420 1
5421 1
5424 1
5426 1
5430 1
5432 1
5433 1
38202 1
5436 1
5437 1
5441 1
5443 1
5447 1
5448 1
5449 1
5451 1
5452 1
5455 1
5459 1
5460 1
5461 1
5465 1
5466 1
5469 1
5470 1
5472 1
5473 1
5479 1
5482 1
5483 1
5486 1
5490 1
5491 1
5495 1
5501 1
5503 1
5505 1
5506 1
5508 1
38278 1
5511 1
5512 1
5513 1
5516 1
5517 1
5519 1
5523 1
5524 1
5525 1
5528 1
5529 1
5531 1
5533 1
5534 1
5535 1
5541 1
5543 1
5544 1
5550 1
5552 1
5554 1
5559 1
5561 1
5562 1
5564 1
5567 1
5568 1
5573 1
5575 1
5576 1
5577 1
5582 1
5583 1
5584 1
5588 1
5597 1
5598 1
5599 1
5610 1
5611 1
5622 1
5623 1
5624 1
5625 1
5630 1
5634 1
5635 1
5637 1
5639 1
5641 1
5644 1
5645 1
5646 1
5648 1
38445 1
5656 1
5662 1
5664 1
5672 1
5675 1
5676 1
5679 1
5680 1
5681 1
5683 1
5684 1
5685 1
5686 1
5688 1
5689 1
5694 1
5698 1
5699 1
5704 1
5707 1
5708 1
5713 1
5714 1
5716 1
5718 1
5720 1
5724 1
5725 1
5726 1
5733 1
5734 1
5739 1
5742 1
5744 1
5745 1
5746 1
5747 1
5750 1
5751 1
5753 1
5756 1
5762 1
5763 1
5765 1
5767 1
71959 1
5774 1
5776 1
5788 1
5789 1
5790 1
5791 1
5794 1
5806 1
5807 1
5808 1
5812 1
5813 1
5816 1
5817 1
5820 1
5826 1
5827 1
5828 1
5830 1
5831 1
5833 1
5835 1
5837 1
5838 1
5840 1
5841 1
5842 1
5844 1
5846 1
5849 1
5852 1
5856 1
5857 1
5859 1
5860 1
5862 1
5865 1
5869 1
5870 1
5882 1
5883 1
5886 1
5889 1
5890 1
5893 1
5894 1
5895 1
5896 1
5897 1
5900 1
5904 1
5906 1
5910 1
5911 1
5912 1
5914 1
5919 1
5920 1
5921 1
5922 1
5927 1
5929 1
38700 1
5933 1
5936 1
5944 1
5950 1
5957 1
5960 1
5961 1
5965 1
5971 1
5972 1
5976 1
5983 1
5987 1
5992 1
5994 1
5996 1
5998 1
6000 1
6003 1
6004 1
6005 1
6009 1
32934 1
6017 1
6018 1
6020 1
6021 1
6024 1
6025 1
6027 1
6028 1
6029 1
6030 1
6031 1
6032 1
137106 1
6036 1
6037 1
6039 1
6040 1
6044 1
6047 1
6051 1
6057 1
6059 1
6063 1
6065 1
6068 1
6074 1
6076 1
6081 1
6089 1
6091 1
6092 1
6093 1
6094 1
6097 1
6100 1
6103 1
6104 1
6106 1
6109 1
6113 1
169954 1
6117 1
6121 1
6128 1
6132 1
6133 1
6136 1
6138 1
6140 1
38909 1
6144 1
6147 1
6150 1
6151 1
6153 1
6159 1
6160 1
6162 1
6163 1
6164 1
6166 1
6167 1
6174 1
6175 1
6176 1
6186 1
6187 1
6192 1
6196 1
6199 1
6202 1
6209 1
6214 1
6216 1
6217 1
6218 1
6219 1
6224 1
6225 1
6228 1
6231 1
6232 1
6234 1
6244 1
6249 1
6252 1
6256 1
6259 1
6264 1
6265 1
6267 1
6272 1
6273 1
6275 1
6278 1
6281 1
6285 1
71823 1
6292 1
6294 1
6296 1
6300 1
6305 1
6308 1
6312 1
6314 1
6317 1
6318 1
6323 1
6325 1
6332 1
6335 1
6336 1
6338 1
6340 1
6341 1
6342 1
6343 1
6345 1
6350 1
6352 1
6356 1
6359 1
6360 1
6364 1
88443 1
465125 1
6375 1
6376 1
6379 1
6381 1
6385 1
6386 1
6390 1
6394 1
6397 1
6401 1
6403 1
6405 1
6407 1
6409 1
6411 1
6412 1
6414 1
6418 1
6419 1
6421 1
6423 1
6427 1
6431 1
6434 1
6436 1
6442 1
6445 1
6456 1
6458 1
6459 1
6464 1
6465 1
6466 1
6467 1
6470 1
6477 1
6480 1
6487 1
6490 1
6491 1
6492 1
39261 1
6494 1
6499 1
6501 1
6502 1
6503 1
6506 1
6507 1
6510 1
6512 1
6514 1
6515 1
6520 1
6522 1
6524 1
6525 1
6527 1
6532 1
6539 1
6542 1
6550 1
6551 1
6552 1
39321 1
6554 1
6557 1
6563 1
33862 1
6567 1
6571 1
6577 1
6579 1
6581 1
6582 1
6585 1
6587 1
6588 1
6594 1
6597 1
6598 1
6601 1
6604 1
6607 1
6608 1
6610 1
6615 1
6617 1
6621 1
6624 1
6626 1
6629 1
6631 1
6632 1
6633 1
6634 1
6636 1
6643 1
6645 1
6646 1
6647 1
6655 1
6657 1
6659 1
6660 1
6664 1
6668 1
6671 1
6672 1
6675 1
6676 1
6678 1
6684 1
39453 1
6688 1
6689 1
6690 1
6691 1
72230 1
6704 1
6709 1
6710 1
6711 1
33887 1
6719 1
6720 1
39492 1
6725 1
6726 1
6729 1
6733 1
6736 1
38234 1
6742 1
6745 1
6748 1
6749 1
6751 1
6752 1
6753 1
6754 1
6755 1
6760 1
39356 1
6762 1
6764 1
6765 1
6767 1
6769 1
6772 1
6775 1
6779 1
6781 1
39550 1
6783 1
6784 1
6787 1
6788 1
6790 1
6793 1
6794 1
6796 1
6797 1
6798 1
6799 1
6802 1
6803 1
66670 1
6807 1
6808 1
6810 1
6813 1
6814 1
6815 1
6818 1
6819 1
6824 1
6825 1
6829 1
6835 1
6839 1
6840 1
6842 1
6845 1
6846 1
6849 1
6851 1
6854 1
77601 1
6857 1
6858 1
6859 1
6862 1
6864 1
6866 1
6867 1
6868 1
6871 1
6875 1
6879 1
6881 1
6883 1
6886 1
6887 1
6894 1
6895 1
6897 1
6899 1
6905 1
6907 1
6908 1
6910 1
6913 1
6914 1
6921 1
6928 1
6930 1
72467 1
6932 1
6935 1
6937 1
6939 1
6945 1
6947 1
6948 1
6952 1
6954 1
6955 1
6956 1
6957 1
6960 1
6961 1
6963 1
6967 1
6972 1
6973 1
6975 1
6977 1
6980 1
6981 1
6984 1
6986 1
6989 1
6990 1
6992 1
6998 1
6999 1
7005 1
7007 1
7008 1
7015 1
7016 1
7018 1
7019 1
33938 1
7023 1
7025 1
7032 1
7035 1
7036 1
7038 1
7042 1
7043 1
7045 1
33834 1
7048 1
7054 1
7057 1
7066 1
7068 1
33946 1
7072 1
7075 1
7079 1
7082 1
7084 1
7085 1
7093 1
7095 1
7098 1
7107 1
7113 1
7114 1
7117 1
7118 1
7121 1
7132 1
7141 1
7143 1
7145 1
7156 1
7158 1
7167 1
7170 1
7176 1
33964 1
7179 1
7183 1
7184 1
7186 1
7187 1
7191 1
7192 1
7193 1
98467 1
7196 1
7197 1
7199 1
7202 1
7203 1
7205 1
7206 1
7207 1
7208 1
7215 1
7216 1
7221 1
7226 1
7227 1
7228 1
7233 1
7235 1
7237 1
7239 1
7240 1
7243 1
7249 1
7250 1
7258 1
7261 1
7263 1
7266 1
7269 1
7272 1
7277 1
7287 1
7289 1
7291 1
7295 1
7300 1
7307 1
7309 1
7312 1
7317 1
7320 1
7321 1
7323 1
7327 1
7328 1
7329 1
7330 1
7332 1
7334 1
7337 1
7338 1
7340 1
7343 1
7348 1
7352 1
7356 1
7361 1
7363 1
7366 1
7369 1
7370 1
72907 1
465442 1
7374 1
7376 1
7383 1
236760 1
7386 1
7389 1
7392 1
7397 1
7402 1
7403 1
7407 1
7409 1
7416 1
7433 1
131183 1
7438 1
7441 1
7443 1
7445 1
7448 1
7449 1
7450 1
7451 1
7452 1
7456 1
7458 1
7462 1
7471 1
7474 1
7475 1
7477 1
7478 1
7480 1
7487 1
7488 1
7492 1
7493 1
7494 1
7496 1
7499 1
7502 1
7504 1
7506 1
7517 1
7518 1
7523 1
7524 1
36057 1
7527 1
7530 1
34093 1
7542 1
7543 1
7544 1
7549 1
7552 1
7554 1
7559 1
7560 1
7561 1
7562 1
7563 1
7565 1
7566 1
7568 1
7569 1
7570 1
7571 1
66798 1
7574 1
7577 1
7578 1
7583 1
7587 1
7589 1
7590 1
7596 1
7597 1
7602 1
7606 1
7609 1
7610 1
7612 1
7613 1
7621 1
105931 1
7628 1
7634 1
7637 1
7645 1
7648 1
7649 1
7652 1
7653 1
7656 1
7659 1
7665 1
7666 1
7671 1
39508 1
7675 1
7676 1
7677 1
7679 1
40450 1
7684 1
7685 1
7687 1
7688 1
7693 1
7696 1
7700 1
7707 1
40479 1
7712 1
7713 1
7716 1
7721 1
7722 1
7724 1
7727 1
7728 1
40501 1
7738 1
7739 1
7740 1
7742 1
7746 1
7748 1
7750 1
7755 1
7764 1
7766 1
7767 1
7768 1
7780 1
7781 1
171623 1
7784 1
7786 1
7788 1
7796 1
40565 1
7801 1
7806 1
7809 1
7810 1
7812 1
7815 1
7816 1
7818 1
40587 1
7823 1
7826 1
7827 1
7830 1
7835 1
7837 1
7840 1
7842 1
7847 1
7850 1
106155 1
7856 1
7858 1
7859 1
7861 1
7865 1
40634 1
40640 1
7877 1
7878 1
7882 1
7883 1
7884 1
7889 1
7891 1
7892 1
73429 1
7901 1
7903 1
7905 1
7906 1
7909 1
73455 1
7920 1
7927 1
7928 1
7931 1
7932 1
40706 1
7946 1
7947 1
7951 1
7952 1
7956 1
7958 1
7959 1
7963 1
7964 1
7971 1
7973 1
7980 1
7983 1
7986 1
7992 1
7994 1
7998 1
7999 1
8017 1
8024 1
8027 1
8029 1
8030 1
8032 1
8040 1
8041 1
8043 1
8046 1
8055 1
8059 1
8060 1
8064 1
8067 1
8068 1
8079 1
8080 1
40851 1
8084 1
8088 1
8096 1
8098 1
8100 1
8107 1
40878 1
8114 1
8122 1
8128 1
8131 1
8134 1
8136 1
8144 1
8145 1
8148 1
8149 1
8150 1
171992 1
8157 1
8159 1
8161 1
8162 1
8163 1
8172 1
8175 1
8177 1
8178 1
39593 1
8186 1
8191 1
8194 1
8197 1
8199 1
8200 1
8202 1
8210 1
8211 1
8212 1
8215 1
8221 1
8222 1
8231 1
8235 1
8236 1
8241 1
8243 1
8244 1
8251 1
8252 1
8253 1
8254 1
8255 1
8256 1
8260 1
8261 1
8263 1
8266 1
8268 1
8271 1
8272 1
8274 1
8275 1
8281 1
8282 1
8284 1
8289 1
8290 1
34150 1
8298 1
8299 1
41069 1
8306 1
8311 1
8315 1
8318 1
8322 1
8324 1
8325 1
8326 1
8332 1
8333 1
8336 1
8338 1
8340 1
8341 1
8347 1
8353 1
8354 1
8357 1
8365 1
8366 1
8373 1
367305 1
8380 1
8381 1
8382 1
8387 1
8389 1
8391 1
8394 1
8398 1
8399 1
8401 1
73939 1
8408 1
8410 1
8411 1
8413 1
106718 1
8417 1
8418 1
8421 1
8423 1
8428 1
8430 1
8432 1
8433 1
8436 1
8437 1
8439 1
8442 1
8443 1
8446 1
8449 1
8450 1
8453 1
8456 1
8461 1
8462 1
8465 1
8473 1
8474 1
8478 1
8479 1
8484 1
8486 1
8487 1
8490 1
8495 1
8498 1
8499 1
8502 1
8504 1
8511 1
8512 1
8515 1
8523 1
8525 1
8530 1
8534 1
8535 1
41304 1
8537 1
8538 1
8539 1
8545 1
8554 1
8560 1
8561 1
8562 1
8570 1
8571 1
8584 1
8586 1
8588 1
8589 1
8591 1
8592 1
8597 1
8605 1
8606 1
8609 1
8610 1
8615 1
8618 1
8624 1
74163 1
8630 1
8641 1
8643 1
8647 1
8649 1
8653 1
8657 1
8662 1
8664 1
8666 1
8668 1
8678 1
8681 1
8683 1
8687 1
8689 1
8698 1
8699 1
8701 1
8706 1
8714 1
8733 1
41502 1
8735 1
8736 1
8741 1
8744 1
8745 1
8753 1
8761 1
8763 1
8765 1
8766 1
8768 1
8772 1
8778 1
8790 1
1155671 1
8794 1
8796 1
8800 1
8808 1
8810 1
8813 1
8816 1
8818 1
8820 1
41589 1
8831 1
8841 1
8844 1
8849 1
8853 1
8857 1
8861 1
8864 1
8872 1
8881 1
8888 1
8890 1
8894 1
8895 1
8899 1
8901 1
8908 1
8909 1
8911 1
8912 1
8913 1
8915 1
8920 1
34255 1
8924 1
8927 1
8934 1
8935 1
34258 1
8943 1
8945 1
8950 1
8951 1
8952 1
8953 1
8955 1
8964 1
8967 1
8968 1
8971 1
8973 1
8974 1
8977 1
8980 1
8981 1
8988 1
8989 1
8992 1
8995 1
38489 1
9003 1
9005 1
9011 1
9012 1
9016 1
9031 1
9035 1
74581 1
9047 1
9048 1
9052 1
9053 1
9058 1
9066 1
9067 1
9068 1
9069 1
9070 1
9072 1
9075 1
9076 1
9082 1
9084 1
9085 1
9088 1
9092 1
9096 1
9105 1
9110 1
9112 1
72516 1
9116 1
9119 1
9124 1
9134 1
9135 1
9136 1
9140 1
9142 1
34292 1
369596 1
9150 1
41924 1
9157 1
9160 1
9163 1
9165 1
9167 1
9168 1
9169 1
9177 1
45221 1
9185 1
41954 1
9190 1
9192 1
41961 1
9194 1
41963 1
9196 1
9204 1
9206 1
9220 1
9227 1
9228 1
9229 1
9235 1
9239 1
9242 1
42017 1
9251 1
9256 1
9260 1
9264 1
9266 1
9274 1
9277 1
9289 1
9291 1
9294 1
9299 1
9301 1
9306 1
74846 1
9313 1
238695 1
9320 1
9325 1
9327 1
9328 1
9332 1
173173 1
9337 1
9343 1
9344 1
9348 1
9354 1
9356 1
9359 1
1123472 1
9368 1
9370 1
9373 1
9378 1
42150 1
42151 1
9390 1
9396 1
9398 1
9399 1
9402 1
9410 1
9417 1
9425 1
9426 1
9427 1
9430 1
9433 1
9434 1
9440 1
9441 1
9443 1
9447 1
9450 1
9451 1
9456 1
9458 1
9459 1
9468 1
9473 1
9474 1
9476 1
9481 1
9483 1
9485 1
9488 1
9496 1
9507 1
9508 1
42278 1
9511 1
9517 1
9520 1
9522 1
132659 1
9526 1
9527 1
173373 1
9534 1
9538 1
9541 1
9542 1
9545 1
42314 1
9551 1
9562 1
9565 1
9569 1
9572 1
9577 1
9580 1
9581 1
9582 1
9589 1
9595 1
9598 1
9600 1
9608 1
9613 1
9615 1
9616 1
9618 1
9619 1
9622 1
9623 1
34373 1
9637 1
9642 1
9651 1
9652 1
9656 1
9659 1
9665 1
42436 1
69063 1
9671 1
9673 1
9674 1
9676 1
9677 1
9680 1
9685 1
9686 1
9687 1
9692 1
9694 1
9696 1
239073 1
140779 1
9708 1
9709 1
9712 1
9713 1
9716 1
9718 1
9719 1
9721 1
9722 1
42492 1
9730 1
9736 1
9746 1
9749 1
9755 1
9756 1
9757 1
9760 1
9765 1
9772 1
9777 1
9779 1
9785 1
9786 1
9791 1
9795 1
9796 1
9798 1
9805 1
9811 1
9819 1
75356 1
9824 1
9826 1
9830 1
9831 1
9837 1
42611 1
9846 1
9851 1
9856 1
9859 1
67180 1
9869 1
9871 1
9872 1
9876 1
9879 1
9882 1
9888 1
9891 1
9901 1
9903 1
9904 1
9905 1
9908 1
9920 1
9926 1
9937 1
9938 1
9942 1
9955 1
9961 1
9972 1
9982 1
9987 1
9990 1
42764 1
10001 1
10007 1
10008 1
10017 1
10021 1
10025 1
10029 1
236510 1
67209 1
10040 1
10049 1
10052 1
10058 1
10064 1
34160 1
10077 1
42847 1
10083 1
10089 1
10090 1
10104 1
239481 1
10106 1
141182 1
10111 1
42880 1
10114 1
10115 1
10119 1
10120 1
10128 1
10131 1
10132 1
10133 1
10136 1
10141 1
10151 1
42921 1
10156 1
10167 1
42941 1
34164 1
10186 1
10206 1
10207 1
10214 1
10215 1
10222 1
10223 1
10226 1
10235 1
10238 1
10243 1
10244 1
10248 1
10253 1
10258 1
10261 1
10263 1
10264 1
10267 1
10270 1
132784 1
10274 1
10280 1
10281 1
10284 1
10287 1
10295 1
10299 1
10302 1
10305 1
10307 1
10308 1
10310 1
10312 1
34487 1
10316 1
10325 1
10332 1
10333 1
10337 1
10338 1
10339 1
10341 1
10342 1
154641 1
10344 1
10346 1
10359 1
10360 1
10364 1
10367 1
10384 1
10385 1
10389 1
10402 1
10408 1
10414 1
239791 1
43184 1
10419 1
262542 1
236575 1
10430 1
10433 1
10443 1
10447 1
10450 1
10453 1
10459 1
10462 1
10464 1
10466 1
10472 1
10475 1
10483 1
10484 1
34516 1
10492 1
10499 1
10504 1
10509 1
10510 1
10512 1
10520 1
10521 1
10527 1
10532 1
10534 1
10537 1
10539 1
10543 1
10545 1
10562 1
10564 1
10566 1
10568 1
10571 1
10572 1
10585 1
10587 1
10593 1
10594 1
10605 1
10610 1
141683 1
10625 1
10626 1
10628 1
10631 1
10632 1
10642 1
10649 1
10650 1
10654 1
10656 1
10659 1
10663 1
10666 1
40007 1
34546 1
10683 1
10688 1
10696 1
10698 1
534988 1
10703 1
10705 1
10706 1
10708 1
10713 1
10716 1
10720 1
10723 1
10726 1
10727 1
10736 1
10741 1
10743 1
10759 1
10766 1
10768 1
76309 1
10774 1
33093 1
10792 1
10798 1
10806 1
10814 1
10815 1
10818 1
10819 1
10831 1
10832 1
10843 1
10854 1
10855 1
10856 1
76405 1
10870 1
10875 1
10876 1
10881 1
10884 1
10887 1
10892 1
10893 1
10899 1
10900 1
10902 1
10913 1
43686 1
10920 1
10921 1
10924 1
10927 1
43697 1
10930 1
10931 1
10938 1
10942 1
10951 1
10952 1
10953 1
10954 1
43725 1
10965 1
10966 1
10976 1
10978 1
10982 1
10989 1
10993 1
10997 1
11007 1
11008 1
11011 1
71290 1
11016 1
11029 1
11030 1
11031 1
11036 1
87658 1
11060 1
11062 1
34612 1
11067 1
11070 1
11073 1
11077 1
305991 1
11085 1
11092 1
76645 1
69111 1
11114 1
43885 1
11121 1
11127 1
11128 1
11133 1
11136 1
11144 1
11150 1
11154 1
11159 1
11162 1
43932 1
11165 1
11170 1
11173 1
11179 1
11182 1
11184 1
11188 1
11197 1
109509 1
11207 1
11211 1
11217 1
11224 1
11225 1
11233 1
11237 1
11243 1
11257 1
11271 1
11277 1
11280 1
11284 1
44056 1
11291 1
11306 1
11311 1
11312 1
11319 1
11336 1
11340 1
11342 1
34659 1
11353 1
11363 1
11373 1
11389 1
11395 1
73181 1
11408 1
11410 1
11426 1
11432 1
11434 1
11440 1
11443 1
240824 1
11449 1
11452 1
11454 1
11457 1
229631 1
11462 1
11468 1
11478 1
11482 1
11483 1
11484 1
11485 1
11488 1
11497 1
11506 1
44275 1
11513 1
11521 1
11522 1
11524 1
11528 1
11530 1
11532 1
11539 1
11550 1
11555 1
11557 1
11558 1
11563 1
11575 1
11584 1
11585 1
11588 1
11589 1
11600 1
175448 1
11614 1
11615 1
77157 1
11622 1
11625 1
11626 1
11628 1
11633 1
166239 1
44407 1
11644 1
11651 1
11653 1
11654 1
11667 1
44442 1
11675 1
11688 1
11689 1
11691 1
11692 1
165150 1
11703 1
11705 1
11725 1
11726 1
11728 1
11734 1
11738 1
11741 1
11744 1
11752 1
11768 1
11771 1
11774 1
11778 1
11780 1
33126 1
44552 1
11786 1
11788 1
11789 1
11790 1
11799 1
11810 1
11813 1
44594 1
11837 1
34741 1
11840 1
11847 1
11851 1
11866 1
11868 1
11872 1
11876 1
11878 1
11885 1
11887 1
44663 1
11897 1
11908 1
11910 1
11911 1
11917 1
11921 1
11924 1
11933 1
11939 1
11942 1
11954 1
44728 1
11963 1
11967 1
11971 1
11980 1
33408 1
11986 1
11997 1
12004 1
12005 1
12011 1
77565 1
131336 1
77567 1
77578 1
12054 1
12060 1
12065 1
12069 1
12084 1
12085 1
12090 1
12091 1
12099 1
12100 1
12103 1
12104 1
12115 1
12120 1
12121 1
12122 1
12141 1
12156 1
12158 1
12163 1
12165 1
12166 1
12172 1
116717 1
12176 1
12181 1
12183 1
12193 1
12200 1
12217 1
12220 1
12224 1
12227 1
12233 1
12236 1
12239 1
12240 1
12241 1
12260 1
45033 1
12274 1
45057 1
12297 1
12304 1
12322 1
12327 1
12333 1
12341 1
12342 1
12343 1
12364 1
241742 1
12367 1
12369 1
12370 1
12371 1
12386 1
12395 1
12400 1
45173 1
12407 1
12416 1
12422 1
12423 1
12427 1
12447 1
12449 1
12453 1
12455 1
45236 1
12472 1
12474 1
45247 1
12482 1
12489 1
12490 1
12491 1
12494 1
12499 1
12500 1
12503 1
12504 1
33035 1
12519 1
110825 1
12523 1
12528 1
32817 1
12541 1
40320 1
12547 1
78084 1
12550 1
12563 1
12572 1
12576 1
12589 1
12597 1
45386 1
12626 1
12630 1
12636 1
110958 1
12657 1
12671 1
169547 1
12681 1
12695 1
78234 1
12700 1
12703 1
12706 1
12708 1
12711 1
12714 1
12731 1
111041 1
78274 1
12744 1
12751 1
38614 1
12768 1
12772 1
12773 1
12780 1
12783 1
176626 1
12797 1
12799 1
307718 1
12809 1
12817 1
12828 1
12835 1
12840 1
34253 1
12861 1
12864 1
733763 1
12872 1
12875 1
12877 1
12880 1
12881 1
45650 1
45669 1
12907 1
12911 1
12913 1
12918 1
12920 1
12926 1
111231 1
12929 1
12932 1
111241 1
45710 1
176785 1
45720 1
12956 1
12962 1
12964 1
12965 1
111277 1
930490 1
12995 1
12997 1
45768 1
13001 1
45771 1
13013 1
13015 1
13017 1
45791 1
13027 1
13028 1
13035 1
13036 1
45806 1
13039 1
45814 1
13066 1
13071 1
13076 1
13078 1
13085 1
13086 1
13088 1
13097 1
13103 1
13115 1
13122 1
111443 1
13141 1
13143 1
45912 1
13145 1
13154 1
13162 1
209772 1
13169 1
13183 1
13188 1
13192 1
13195 1
275341 1
13198 1
13204 1
373653 1
78750 1
13217 1
13224 1
13240 1
13250 1
13261 1
13267 1
13269 1
13271 1
13276 1
13283 1
46059 1
13294 1
13298 1
13308 1
46079 1
13325 1
13326 1
13329 1
13330 1
13333 1
13336 1
46110 1
13346 1
13367 1
13370 1
13377 1
34998 1
13384 1
13395 1
13398 1
40463 1
13412 1
13416 1
46199 1
13438 1
13446 1
13449 1
13454 1
2274450 1
13461 1
13464 1
82283 1
13500 1
13507 1
13509 1
13511 1
13512 1
13514 1
13518 1
13521 1
13524 1
35022 1
13535 1
13536 1
13548 1
13549 1
13556 1
13561 1
46342 1
13580 1
13582 1
13583 1
13584 1
13585 1
13588 1
13591 1
13594 1
144675 1
13610 1
79153 1
144691 1
13626 1
13630 1
35040 1
13637 1
13638 1
13649 1
13650 1
13656 1
46431 1
79200 1
13666 1
13673 1
35047 1
13677 1
13687 1
45972 1
46458 1
46466 1
13699 1
13703 1
13705 1
13715 1
13734 1
46513 1
13756 1
13761 1
13764 1
13774 1
39372 1
13790 1
46559 1
13795 1
13811 1
13814 1
46588 1
112129 1
13826 1
13832 1
13835 1
13836 1
46607 1
13846 1
13851 1
13853 1
13864 1
13875 1
13879 1
13889 1
13897 1
13901 1
13902 1
13907 1
13912 1
13918 1
144991 1
13921 1
13926 1
13927 1
40552 1
13940 1
13941 1
13943 1
13945 1
13948 1
13950 1
13965 1
46753 1
13992 1
177834 1
14011 1
14022 1
14033 1
14044 1
14047 1
14051 1
14055 1
14062 1
14065 1
14086 1
14090 1
14095 1
14098 1
79635 1
14118 1
14137 1
14141 1
14145 1
14161 1
14171 1
14172 1
14173 1
14182 1
14184 1
14185 1
14200 1
14212 1
14214 1
14228 1
47001 1
1236636 1
14251 1
14258 1
65943 1
14280 1
14283 1
35149 1
79831 1
47066 1
210925 1
14319 1
14340 1
407560 1
35160 1
14354 1
100697 1
14361 1
14383 1
14385 1
14391 1
47161 1
79931 1
14407 1
14411 1
14435 1
79974 1
14445 1
14450 1
138944 1
14471 1
14478 1
14487 1
14497 1
14503 1
14506 1
14507 1
14519 1
14520 1
14521 1
14528 1
14531 1
14535 1
14537 1
14538 1
80080 1
14547 1
62500 1
14557 1
14578 1
14589 1
145662 1
14600 1
14601 1
14602 1
14603 1
47386 1
14620 1
14624 1
47400 1
14644 1
14660 1
14665 1
14667 1
178509 1
14676 1
80235 1
14703 1
14713 1
14714 1
2374014 1
14720 1
14726 1
14741 1
14742 1
145815 1
14747 1
14748 1
14756 1
14769 1
14771 1
333982 1
80334 1
14802 1
14814 1
14829 1
14831 1
14832 1
14840 1
14841 1
14864 1
375313 1
14869 1
14875 1
14878 1
14879 1
47648 1
14881 1
14893 1
14897 1
35251 1
14900 1
14906 1
14909 1
14923 1
14932 1
14944 1
14952 1
14960 1
14969 1
14995 1
14997 1
14999 1
15007 1
15023 1
47805 1
47810 1
15044 1
15054 1
15055 1
33190 1
15072 1
15080 1
15082 1
15098 1
47870 1
441093 1
15117 1
15126 1
47924 1
15198 1
15199 1
15202 1
100703 1
15264 1
15285 1
15312 1
113620 1
99803 1
35323 1
15332 1
35324 1
15347 1
15349 1
15350 1
15352 1
15357 1
15362 1
15366 1
73560 1
179238 1
15400 1
15405 1
15410 1
15412 1
15417 1
15429 1
15431 1
15432 1
48205 1
80974 1
15444 1
15455 1
80993 1
46268 1
15466 1
15467 1
40809 1
15484 1
15492 1
15500 1
15506 1
15511 1
15513 1
15514 1
146594 1
343213 1
15535 1
113852 1
15549 1
15555 1
15558 1
15562 1
113873 1
89978 1
15583 1
15586 1
15591 1
15594 1
48363 1
144596 1
15618 1
15640 1
15644 1
15649 1
15650 1
15673 1
48456 1
15700 1
15702 1
34348 1
15716 1
15718 1
35388 1
15725 1
15731 1
35390 1
48509 1
15746 1
15750 1
48522 1
15765 1
68164 1
15770 1
48549 1
15782 1
15787 1
15788 1
310710 1
237472 1
15820 1
15823 1
15832 1
48605 1
15839 1
15845 1
15859 1
15869 1
114184 1
15886 1
15894 1
15899 1
15902 1
48678 1
35422 1
15933 1
15934 1
15937 1
15938 1
15945 1
48716 1
15952 1
15954 1
15963 1
15964 1
15966 1
15967 1
48738 1
16004 1
16008 1
16010 1
34358 1
81548 1
35437 1
16021 1
16029 1
16041 1
16076 1
16085 1
40913 1
16116 1
16117 1
16121 1
212746 1
16142 1
16152 1
48925 1
16169 1
48942 1
48948 1
16186 1
16190 1
16193 1
16196 1
16199 1
16203 1
16206 1
48982 1
16235 1
16245 1
81816 1
81818 1
16284 1
16293 1
16299 1
16303 1
16335 1
16339 1
16350 1
16354 1
16362 1
35495 1
49142 1
16379 1
16435 1
16447 1
49219 1
268438 1
49256 1
82026 1
114798 1
16502 1
16508 1
16510 1
16511 1
166592 1
35522 1
16539 1
16542 1
180391 1
16556 1
16557 1
16558 1
49331 1
16566 1
16576 1
16577 1
16582 1
49355 1
16594 1
16609 1
16627 1
16632 1
16636 1
16641 1
49431 1
16665 1
49434 1
16680 1
16683 1
16689 1
16698 1
16701 1
16723 1
16741 1
16747 1
16752 1
16755 1
16768 1
16781 1
16797 1
16804 1
16822 1
180666 1
16835 1
43757 1
16864 1
210342 1
16875 1
213487 1
38752 1
16918 1
16941 1
16958 1
35596 1
49755 1
16990 1
49771 1
33300 1
82543 1
49779 1
17015 1
17016 1
17017 1
49788 1
17051 1
17063 1
246442 1
17068 1
17079 1
17083 1
17093 1
17099 1
49869 1
17124 1
17136 1
49911 1
17163 1
17165 1
38761 1
17168 1
17169 1
17183 1
17186 1
17196 1
17202 1
49985 1
17218 1
17219 1
17221 1
17228 1
17231 1
17238 1
17244 1
17250 1
35647 1
17285 1
17302 1
17306 1
17318 1
17325 1
17332 1
17337 1
17339 1
17342 1
17358 1
17360 1
172197 1
17381 1
17384 1
17389 1
279534 1
17397 1
17407 1
17411 1
82951 1
17418 1
17426 1
17427 1
17444 1
50221 1
214064 1
17476 1
17481 1
17483 1
17487 1
17488 1
17522 1
17524 1
17535 1
50309 1
17558 1
115868 1
17578 1
17605 1
17612 1
17615 1
50386 1
17671 1
17687 1
17697 1
17701 1
17704 1
17709 1
17710 1
17716 1
17726 1
148817 1
35731 1
17791 1
17818 1
17826 1
17845 1
17846 1
17864 1
17872 1
50649 1
17884 1
17925 1
134060 1
17933 1
17935 1
17938 1
17941 1
17942 1
17953 1
50731 1
17969 1
17976 1
17985 1
17989 1
18004 1
18009 1
18021 1
18032 1
18053 1
18056 1
149159 1
18100 1
18111 1
18120 1
18126 1
18127 1
18133 1
18149 1
18158 1
35796 1
18177 1
18191 1
83734 1
18199 1
18202 1
50995 1
149302 1
18236 1
18237 1
51010 1
83780 1
101345 1
51023 1
18266 1
18272 1
18273 1
83839 1
935811 1
18314 1
18343 1
18348 1
18359 1
18362 1
18363 1
18373 1
18399 1
18413 1
18422 1
18424 1
18447 1
18455 1
18473 1
18477 1
18479 1
18481 1
18488 1
18501 1
18513 1
18515 1
84068 1
18534 1
18580 1
18589 1
18595 1
18598 1
18600 1
18604 1
18609 1
18618 1
1853632 1
18645 1
18667 1
18695 1
55179 1
18714 1
18719 1
18725 1
84272 1
18752 1
18756 1
84293 1
46819 1
18816 1
18846 1
18847 1
18881 1
65593 1
18894 1
18903 1
18910 1
18916 1
84458 1
18950 1
18958 1
18963 1
18970 1
18991 1
41398 1
51799 1
68710 1
19057 1
19062 1
19095 1
19109 1
19120 1
134259 1
19131 1
19142 1
19152 1
167033 1
19160 1
84697 1
51940 1
19174 1
19179 1
19182 1
19188 1
19209 1
19228 1
19232 1
19238 1
19242 1
19243 1
35978 1
19262 1
2556068 1
19275 1
19283 1
19288 1
52076 1
19330 1
35991 1
68764 1
19385 1
84923 1
19397 1
19410 1
19411 1
19420 1
19425 1
183266 1
19435 1
36010 1
19458 1
19473 1
19476 1
19492 1
19500 1
19503 1
19505 1
135429 1
19517 1
52289 1
19529 1
19532 1
330936 1
19550 1
52325 1
19569 1
19577 1
19579 1
52370 1
19604 1
314541 1
19646 1
52417 1
19650 1
19659 1
44300 1
101583 1
19676 1
19678 1
90663 1
19709 1
19735 1
52506 1
19742 1
19769 1
52540 1
19795 1
19796 1
19821 1
19831 1
85368 1
49345 1
85395 1
52644 1
19877 1
19883 1
19890 1
52665 1
118229 1
19943 1
85485 1
19951 1
52730 1
19966 1
19990 1
20000 1
20030 1
20035 1
20037 1
20044 1
36109 1
20061 1
33402 1
20076 1
20090 1
20119 1
20122 1
20150 1
20151 1
52925 1
52937 1
52944 1
20183 1
366201 1
20211 1
39415 1
20236 1
20246 1
20249 1
20250 1
20292 1
20310 1
74383 1
20340 1
20360 1
249742 1
20386 1
610213 1
36169 1
20417 1
53193 1
315338 1
20441 1
20450 1
20464 1
20466 1
20470 1
20473 1
20497 1
20508 1
36189 1
86077 1
205496 1
99429 1
20578 1
20591 1
20594 1
20641 1
118946 1
20650 1
53439 1
20691 1
20700 1
20707 1
20742 1
36230 1
53549 1
20794 1
184638 1
20838 1
20850 1
20862 1
20864 1
39439 1
53667 1
20918 1
151997 1
20927 1
53697 1
20946 1
20951 1
20953 1
33432 1
20973 1
20983 1
53806 1
21049 1
21074 1
21078 1
53859 1
21105 1
152186 1
21122 1
21134 1
178285 1
53911 1
86691 1
21159 1
21160 1
53931 1
21199 1
21217 1
86762 1
21250 1
54025 1
21262 1
21268 1
21274 1
21276 1
54050 1
54054 1
54055 1
21291 1
21295 1
21320 1
185200 1
38901 1
21382 1
21391 1
21445 1
54215 1
33448 1
134649 1
21464 1
87017 1
21501 1
21504 1
21512 1
21532 1
21541 1
54325 1
21559 1
21578 1
21593 1
21623 1
36372 1
21627 1
21629 1
21630 1
21644 1
21646 1
87187 1
21663 1
41093 1
21667 1
21670 1
21704 1
21729 1
36393 1
21753 1
54543 1
21786 1
21789 1
21797 1
21803 1
21808 1
21815 1
21820 1
185677 1
21861 1
21888 1
21913 1
54697 1
41887 1
21961 1
21964 1
21972 1
87550 1
34558 1
22034 1
185896 1
22062 1
71627 1
22082 1
22091 1
101987 1
54868 1
218709 1
69221 1
22118 1
54887 1
22122 1
22131 1
22132 1
22143 1
22154 1
677517 1
22162 1
33472 1
22185 1
54972 1
22259 1
22266 1
22288 1
32882 1
22346 1
22350 1
22361 1
22395 1
22399 1
22404 1
22410 1
52887 1
33480 1
22417 1
22419 1
22422 1
22427 1
22435 1
22438 1
38937 1
22475 1
55247 1
22489 1
22490 1
22492 1
22534 1
55306 1
22541 1
41988 1
22556 1
22561 1
22580 1
55350 1
22587 1
131085 1
514110 1
52918 1
22606 1
55382 1
120934 1
22636 1
33488 1
22681 1
22711 1
22715 1
252107 1
74787 1
22741 1
22748 1
22757 1
22766 1
22778 1
186624 1
22787 1
55557 1
136542 1
22809 1
22831 1
22849 1
43797 1
22874 1
42042 1
186723 1
55655 1
42045 1
55672 1
22907 1
22915 1
69359 1
22945 1
55724 1
514480 1
36601 1
23010 1
23027 1
23036 1
23044 1
23050 1
23056 1
23064 1
23070 1
23072 1
80305 1
23101 1
23127 1
23142 1
23156 1
23204 1
23215 1
88782 1
23253 1
66242 1
38964 1
23276 1
56045 1
23281 1
23289 1
23316 1
23327 1
23331 1
23332 1
711464 1
23362 1
23372 1
23382 1
23399 1
56174 1
23421 1
69447 1
23478 1
23503 1
23534 1
23536 1
23569 1
154666 1
56384 1
220226 1
164456 1
23632 1
23659 1
23670 1
38978 1
56465 1
23702 1
23748 1
102269 1
23800 1
23807 1
23811 1
23839 1
173280 1
23875 1
154962 1
89433 1
23906 1
23955 1
23956 1
56737 1
23972 1
56761 1
56799 1
24032 1
24038 1
24053 1
89601 1
24072 1
24081 1
155171 1
24121 1
24124 1
24131 1
34630 1
89731 1
155287 1
56988 1
260721 1
24252 1
24282 1
24288 1
24302 1
24309 1
57081 1
24315 1
286464 1
24322 1
57091 1
24324 1
24325 1
24363 1
24371 1
24383 1
131097 1
57175 1
24415 1
89972 1
57210 1
47765 1
435525 1
36850 1
24506 1
109929 1
122833 1
36857 1
24549 1
24551 1
57326 1
24588 1
280148 1
24613 1
188462 1
90169 1
24643 1
24678 1
65692 1
67382 1
24726 1
2089138 1
24756 1
57528 1
24777 1
24781 1
24792 1
146127 1
57593 1
24837 1
24851 1
24885 1
57658 1
24894 1
24909 1
169955 1
24954 1
24980 1
287138 1
57764 1
90541 1
57776 1
25030 1
25040 1
36946 1
60847 1
25078 1
57874 1
100129 1
25126 1
25127 1
25133 1
57905 1
25157 1
25184 1
156260 1
25189 1
25209 1
90757 1
25235 1
25262 1
35758 1
58076 1
25309 1
58083 1
25325 1
364678 1
102535 1
25413 1
69772 1
25419 1
25421 1
25428 1
25444 1
37009 1
25482 1
58272 1
25511 1
25520 1
25524 1
25529 1
25540 1
25561 1
25567 1
58362 1
25624 1
681018 1
47971 1
25688 1
25691 1
25720 1
25728 1
531146 1
135363 1
25762 1
25766 1
124080 1
91314 1
37065 1
25797 1
25828 1
25853 1
37077 1
25857 1
25864 1
25870 1
25902 1
25909 1
25911 1
25945 1
38362 1
25973 1
91511 1
25976 1
58754 1
25987 1
58758 1
33600 1
26031 1
26109 1
26112 1
26116 1
26117 1
26143 1
26156 1
26168 1
26179 1
102670 1
26208 1
26212 1
26214 1
26226 1
26258 1
59042 1
157356 1
26296 1
59065 1
26361 1
26384 1
26395 1
288542 1
26418 1
26433 1
26437 1
26449 1
92009 1
26503 1
37186 1
66351 1
26533 1
48115 1
136567 1
26580 1
26594 1
26619 1
26620 1
26625 1
26666 1
59438 1
26689 1
26691 1
26694 1
92234 1
66357 1
26731 1
26775 1
92312 1
26782 1
157868 1
26797 1
59577 1
26872 1
26877 1
92422 1
26887 1
37253 1
26914 1
113721 1
59738 1
26978 1
26980 1
27048 1
27062 1
59840 1
27081 1
27083 1
37283 1
59871 1
27105 1
584199 1
27161 1
70065 1
27186 1
27189 1
92729 1
27197 1
27204 1
27214 1
27219 1
164577 1
27303 1
70088 1
27328 1
27358 1
60149 1
27387 1
27390 1
27408 1
1518675 1
27428 1
42802 1
27440 1
27442 1
27453 1
27462 1
60232 1
27478 1
99117 1
27529 1
75586 1
27538 1
33651 1
27643 1
27647 1
27652 1
27661 1
27662 1
93214 1
60467 1
27713 1
126018 1
27716 1
27748 1
60578 1
27836 1
37410 1
2485454 1
37411 1
27863 1
27884 1
27887 1
27891 1
27923 1
27956 1
27957 1
102406 1
27964 1
27972 1
27973 1
93514 1
27982 1
27991 1
93545 1
191875 1
28045 1
93588 1
100227 1
28063 1
28079 1
28081 1
93639 1
141218 1
28113 1
28120 1
28123 1
28152 1
102998 1
159239 1
388618 1
28173 1
28219 1
28243 1
323156 1
28257 1
28276 1
61048 1
37484 1
168559 1
61091 1
28390 1
28415 1
61186 1
61191 1
28429 1
28439 1
28440 1
61212 1
28481 1
28488 1
28494 1
28509 1
37522 1
28531 1
28552 1
61361 1
61371 1
159679 1
28610 1
197356 1
28617 1
61401 1
28645 1
28647 1
28658 1
28709 1
37554 1
32990 1
28733 1
146788 1
108560 1
110072 1
37571 1
28849 1
108578 1
28886 1
61679 1
37593 1
192794 1
28974 1
29003 1
29017 1
192862 1
29091 1
29115 1
29128 1
29138 1
61938 1
29180 1
29181 1
103170 1
29208 1
62005 1
225864 1
29282 1
62113 1
99051 1
29356 1
62127 1
55534 1
29390 1
29397 1
62166 1
29400 1
258787 1
29412 1
94949 1
86823 1
29435 1
29473 1
258861 1
62262 1
62306 1
95095 1
95128 1
226204 1
29657 1
324584 1
29699 1
29700 1
234330 1
29732 1
37725 1
29801 1
97810 1
29810 1
48662 1
62614 1
29868 1
29928 1
292091 1
62751 1
29984 1
29990 1
62760 1
30009 1
30020 1
30061 1
43240 1
62851 1
914834 1
30110 1
30132 1
62934 1
30168 1
30169 1
70566 1
95723 1
30204 1
30207 1
30210 1
62989 1
30225 1
37809 1
30260 1
30346 1
30356 1
30362 1
30418 1
63228 1
128778 1
30478 1
358214 1
30537 1
30542 1
30548 1
30608 1
30635 1
30662 1
103415 1
30681 1
30686 1
96234 1
63547 1
63596 1
30852 1
63627 1
30864 1
30889 1
37922 1
30996 1
31024 1
31066 1
31114 1
194970 1
197919 1
31188 1
31191 1
31193 1
129509 1
31232 1
31337 1
64113 1
31346 1
31362 1
162436 1
31409 1
38005 1
64217 1
31510 1
43481 1
38023 1
64316 1
97143 1
31637 1
97185 1
31686 1
555979 1
31696 1
31714 1
64501 1
34036 1
31793 1
31795 1
31798 1
130107 1
31827 1
64610 1
195720 1
31881 1
31908 1
31935 1
31957 1
195808 1
134183 1
31999 1
32019 1
32033 1
64803 1
32046 1
32067 1
32074 1
228710 1
64886 1
261496 1
64941 1
65042 1
65048 1
1048101 1
163373 1
32344 1
65125 1
32358 1
97895 1
32360 1
32379 1
32399 1
202012 1
32456 1
589521 1
98010 1
32516 1
32531 1
360229 1
32657 1
32727 1
32757 1
2086 2
2373 2
2378 2
2415 2
2421 2
2493 2
2553 2
2582 2
2585 2
2601 2
2607 2
2611 2
2696 2
2697 2
2713 2
2727 2
2737 2
2747 2
2774 2
2777 2
2793 2
2802 2
2810 2
2819 2
2828 2
2840 2
2904 2
2906 2
2913 2
2935 2
2957 2
2966 2
2984 2
2992 2
2997 2
3000 2
3001 2
3011 2
3019 2
3029 2
3032 2
3057 2
3060 2
3071 2
3077 2
3088 2
3102 2
3126 2
3137 2
3141 2
3143 2
3145 2
3159 2
3169 2
3180 2
3182 2
3183 2
3184 2
3186 2
3189 2
3200 2
3207 2
3209 2
3223 2
3227 2
3231 2
3234 2
3235 2
3248 2
3250 2
3259 2
3260 2
3264 2
3267 2
3276 2
3281 2
3287 2
3293 2
3298 2
3303 2
3309 2
3323 2
3326 2
3328 2
3334 2
3350 2
3358 2
3361 2
3365 2
3371 2
3375 2
3382 2
3384 2
3385 2
3390 2
3392 2
3400 2
3404 2
3405 2
3416 2
3419 2
3422 2
3424 2
3428 2
3436 2
3438 2
3445 2
3457 2
3463 2
3474 2
3478 2
3484 2
3488 2
3489 2
3501 2
3502 2
3503 2
3510 2
3514 2
3540 2
3543 2
3547 2
3553 2
3566 2
3567 2
3571 2
3575 2
3582 2
3590 2
3598 2
3601 2
3605 2
3606 2
3611 2
3615 2
3616 2
3617 2
3618 2
3635 2
3638 2
3641 2
3644 2
3647 2
3649 2
3650 2
3652 2
3662 2
3663 2
3664 2
3668 2
3669 2
3680 2
3682 2
3689 2
3694 2
3698 2
3700 2
3707 2
3714 2
3721 2
3724 2
3725 2
3726 2
3733 2
3737 2
3738 2
3742 2
3743 2
3744 2
3747 2
3751 2
3757 2
3759 2
3769 2
3771 2
3773 2
3775 2
3778 2
3782 2
3783 2
3784 2
3788 2
3794 2
3798 2
3803 2
3804 2
3806 2
3810 2
3818 2
3823 2
3835 2
3848 2
3851 2
3862 2
3863 2
3864 2
3865 2
3867 2
3869 2
3877 2
3878 2
3879 2
3882 2
3885 2
3893 2
3895 2
3906 2
3908 2
3910 2
3911 2
3913 2
3919 2
3923 2
3925 2
3942 2
3956 2
3957 2
3958 2
3961 2
3965 2
3970 2
3972 2
3986 2
3991 2
3992 2
3993 2
4009 2
4011 2
4017 2
4018 2
4026 2
4034 2
4040 2
4043 2
4044 2
4047 2
4048 2
4055 2
4060 2
4062 2
4066 2
4069 2
4071 2
4074 2
4076 2
4077 2
4078 2
4083 2
4085 2
4086 2
4087 2
4094 2
4097 2
4098 2
4100 2
4103 2
4105 2
4106 2
4113 2
4119 2
4131 2
4132 2
4134 2
4136 2
4149 2
4150 2
4152 2
4153 2
4161 2
4162 2
4164 2
4167 2
4170 2
4171 2
4175 2
4176 2
4181 2
4191 2
4197 2
4198 2
4201 2
4203 2
4204 2
4207 2
4208 2
4209 2
4210 2
4219 2
4225 2
4228 2
4229 2
4230 2
4233 2
4234 2
4239 2
4241 2
4244 2
4246 2
4250 2
4252 2
4257 2
4259 2
4261 2
4263 2
4265 2
4266 2
4276 2
4278 2
4281 2
4282 2
4290 2
4292 2
4295 2
4299 2
4300 2
4302 2
4304 2
4306 2
4312 2
4319 2
4321 2
4324 2
4326 2
4328 2
4342 2
4344 2
4345 2
4354 2
4355 2
4359 2
4363 2
4366 2
4380 2
4383 2
4400 2
4402 2
4407 2
4416 2
4419 2
4425 2
4430 2
4434 2
4437 2
4442 2
4451 2
4466 2
4472 2
4473 2
4475 2
4477 2
4480 2
4483 2
4485 2
4490 2
4496 2
4497 2
4501 2
4502 2
4513 2
4517 2
4521 2
4525 2
4532 2
4533 2
4535 2
4542 2
4544 2
4545 2
4547 2
4551 2
4553 2
4555 2
4557 2
4558 2
4571 2
4572 2
4583 2
4587 2
4592 2
4593 2
4598 2
4600 2
4602 2
4609 2
4615 2
4625 2
4637 2
4643 2
4644 2
4656 2
4657 2
4659 2
4660 2
4664 2
4665 2
4666 2
4667 2
4673 2
4674 2
4676 2
4681 2
4682 2
4685 2
4688 2
4690 2
4691 2
4697 2
4698 2
4699 2
4707 2
4708 2
4709 2
4711 2
4716 2
4720 2
4723 2
4730 2
4733 2
4736 2
4738 2
4740 2
4756 2
4760 2
4761 2
4767 2
4771 2
4774 2
4780 2
4786 2
4787 2
4795 2
4799 2
4805 2
4810 2
4820 2
4826 2
4830 2
4833 2
4838 2
4841 2
4845 2
4852 2
4856 2
4861 2
4862 2
4867 2
4868 2
4875 2
4876 2
4877 2
4878 2
4879 2
4881 2
4889 2
4890 2
4899 2
4904 2
4908 2
4912 2
4923 2
4926 2
4932 2
4937 2
4938 2
4949 2
4954 2
4961 2
4966 2
4978 2
4979 2
4981 2
4982 2
4983 2
4990 2
4991 2
4992 2
4994 2
4997 2
4998 2
4999 2
5013 2
5014 2
5015 2
5016 2
5024 2
5027 2
5032 2
5037 2
5041 2
5051 2
5056 2
5065 2
5067 2
5069 2
5071 2
5081 2
5082 2
5088 2
5091 2
5092 2
5097 2
5102 2
5105 2
5108 2
5109 2
5111 2
5114 2
5115 2
5129 2
5132 2
5136 2
5140 2
5142 2
5147 2
5149 2
5150 2
5154 2
5155 2
5157 2
5166 2
5171 2
5178 2
5184 2
5213 2
5218 2
5219 2
5220 2
5226 2
5229 2
5237 2
5238 2
5240 2
5243 2
5247 2
5253 2
5277 2
5285 2
5290 2
5295 2
5296 2
5299 2
5300 2
5304 2
5306 2
5320 2
5333 2
5335 2
5338 2
5339 2
5340 2
5348 2
5349 2
5358 2
5361 2
5365 2
5368 2
5369 2
5370 2
5371 2
5375 2
5382 2
5392 2
5394 2
5395 2
5403 2
5405 2
5418 2
5422 2
5429 2
5435 2
5439 2
5442 2
5444 2
5463 2
5464 2
5471 2
5475 2
5477 2
5485 2
5498 2
5515 2
5521 2
5530 2
5537 2
5540 2
5542 2
5547 2
5548 2
5555 2
5566 2
5572 2
5579 2
5585 2
5592 2
5593 2
5594 2
5603 2
5606 2
5608 2
5615 2
5619 2
5621 2
5629 2
5647 2
5650 2
5654 2
5666 2
5673 2
5677 2
5682 2
5690 2
5696 2
5700 2
5702 2
5712 2
5721 2
5727 2
5728 2
5735 2
5736 2
5740 2
5743 2
5748 2
5755 2
5759 2
5766 2
5768 2
5779 2
5784 2
5786 2
5796 2
5803 2
5809 2
5814 2
5823 2
5829 2
5836 2
5843 2
5847 2
5848 2
5850 2
5863 2
5866 2
5872 2
5874 2
5876 2
5879 2
5881 2
5888 2
5892 2
5907 2
5909 2
5916 2
5925 2
5934 2
5937 2
5942 2
5945 2
5948 2
5951 2
5969 2
5974 2
5980 2
5986 2
5991 2
5993 2
6010 2
6019 2
6022 2
6048 2
6049 2
6056 2
6071 2
6073 2
6077 2
6078 2
6080 2
6087 2
6090 2
6099 2
6105 2
6111 2
6115 2
6120 2
6135 2
6139 2
6142 2
6148 2
6154 2
6155 2
6156 2
6168 2
6171 2
6172 2
6184 2
6188 2
6189 2
6190 2
6197 2
6198 2
38971 2
6208 2
6212 2
6222 2
6238 2
6240 2
6242 2
6253 2
6262 2
6271 2
6277 2
6295 2
6301 2
6302 2
6304 2
6309 2
6321 2
6326 2
6327 2
6354 2
6366 2
6380 2
6387 2
6388 2
6406 2
6416 2
6425 2
6428 2
6433 2
6437 2
6439 2
6440 2
6452 2
6469 2
6471 2
6479 2
6513 2
6516 2
6538 2
6541 2
6544 2
6548 2
6549 2
6575 2
6593 2
6609 2
6611 2
6619 2
6666 2
6674 2
6683 2
6686 2
6695 2
6696 2
6703 2
6712 2
6740 2
6756 2
6773 2
6795 2
6811 2
6816 2
6828 2
6838 2
6841 2
6874 2
6880 2
6896 2
6901 2
6902 2
6903 2
6909 2
6915 2
6917 2
6940 2
6941 2
6944 2
6982 2
6985 2
6991 2
7000 2
7026 2
7034 2
7041 2
7056 2
7063 2
7091 2
7096 2
7097 2
7099 2
7100 2
7105 2
7108 2
7116 2
7120 2
7122 2
7127 2
7150 2
7157 2
7166 2
7172 2
7175 2
7181 2
7224 2
7232 2
7242 2
7245 2
7247 2
7259 2
7267 2
7286 2
7313 2
7331 2
7335 2
7336 2
7349 2
7357 2
7359 2
7367 2
7375 2
7377 2
7380 2
7396 2
7398 2
7413 2
7414 2
7417 2
7418 2
7420 2
7422 2
7425 2
7429 2
7430 2
7436 2
7437 2
7459 2
7461 2
7463 2
7483 2
7485 2
7512 2
7529 2
7539 2
7541 2
7553 2
7572 2
7614 2
7615 2
7644 2
7678 2
7695 2
7697 2
7717 2
7720 2
7732 2
7734 2
7743 2
7749 2
7751 2
7753 2
7774 2
7782 2
7790 2
7791 2
7832 2
7848 2
7867 2
7875 2
7886 2
7894 2
7910 2
7955 2
7968 2
8000 2
8015 2
8019 2
8034 2
8054 2
8094 2
8097 2
8115 2
8120 2
8130 2
8132 2
8155 2
8180 2
8181 2
8234 2
8249 2
8264 2
8270 2
8273 2
8319 2
8320 2
8329 2
8335 2
8349 2
8359 2
8369 2
8372 2
8377 2
8397 2
8400 2
8447 2
8448 2
8451 2
8501 2
8520 2
8524 2
8528 2
8533 2
8566 2
8585 2
8617 2
8628 2
8634 2
8644 2
8658 2
8686 2
8705 2
8718 2
8754 2
8755 2
8803 2
8806 2
8814 2
8826 2
8838 2
8847 2
8852 2
8917 2
8918 2
9019 2
9027 2
9030 2
9050 2
9125 2
9128 2
9130 2
9161 2
9180 2
9181 2
9222 2
9298 2
9350 2
9388 2
9391 2
9479 2
9484 2
9493 2
9524 2
9574 2
9579 2
9586 2
9606 2
9683 2
9699 2
9717 2
9737 2
9771 2
9778 2
9783 2
9799 2
9897 2
9933 2
9957 2
10034 2
10050 2
10051 2
10054 2
10103 2
10144 2
10146 2
10159 2
10171 2
10188 2
10213 2
10229 2
10242 2
10250 2
10256 2
10268 2
10336 2
10348 2
10388 2
10422 2
10429 2
10546 2
10561 2
10677 2
10690 2
10734 2
10739 2
10747 2
10781 2
10785 2
10830 2
11014 2
11015 2
11100 2
11115 2
11180 2
11185 2
11189 2
11293 2
11354 2
11374 2
11379 2
11388 2
11424 2
11425 2
11503 2
11545 2
11567 2
11586 2
11590 2
11646 2
11712 2
11766 2
11807 2
11846 2
12003 2
12078 2
12207 2
12222 2
12243 2
12336 2
12434 2
12602 2
12886 2
12902 2
12972 2
13005 2
13165 2
13293 2
13320 2
13453 2
13480 2
13670 2
13684 2
14307 2
14775 2
14957 2
15036 2
15063 2
15091 2
15203 2
15571 2
15777 2
15861 2
16136 2
16242 2
16886 2
16961 2
17242 2
17461 2
17505 2
17533 2
17632 2
17799 2
18044 2
18128 2
19066 2
20797 2
22952 2
23185 2
23612 2
23646 2
25970 2
29704 2
1765 3
2058 3
2134 3
2312 3
2345 3
2405 3
2419 3
2474 3
2496 3
2518 3
2528 3
2534 3
2549 3
2554 3
2565 3
2599 3
2604 3
2622 3
2625 3
2645 3
2646 3
2651 3
2653 3
2668 3
2678 3
2679 3
2681 3
2684 3
2687 3
2708 3
2732 3
2733 3
2742 3
2746 3
2749 3
2754 3
2756 3
2789 3
2801 3
2807 3
2809 3
2811 3
2812 3
2815 3
2816 3
2844 3
2845 3
2846 3
2851 3
2859 3
2868 3
2869 3
2873 3
2874 3
2884 3
2887 3
2897 3
2907 3
2910 3
2914 3
2923 3
2927 3
2930 3
2932 3
2945 3
2947 3
2953 3
2956 3
2968 3
2978 3
2979 3
2985 3
2989 3
3003 3
3005 3
3008 3
3014 3
3021 3
3023 3
3024 3
3028 3
3030 3
3034 3
3043 3
3044 3
3047 3
3054 3
3055 3
3056 3
3061 3
3064 3
3066 3
3068 3
3069 3
3073 3
3074 3
3084 3
3090 3
3097 3
3099 3
3100 3
3110 3
3117 3
3119 3
3127 3
3134 3
3144 3
3151 3
3156 3
3160 3
3161 3
3174 3
3176 3
3177 3
3179 3
3185 3
3190 3
3196 3
3198 3
3199 3
3203 3
3210 3
3215 3
3220 3
3221 3
3228 3
3229 3
3232 3
3237 3
3238 3
3241 3
3243 3
3245 3
3254 3
3255 3
3257 3
3258 3
3261 3
3262 3
3265 3
3271 3
3272 3
3282 3
3288 3
3290 3
3294 3
3296 3
3299 3
3301 3
3302 3
3304 3
3305 3
3311 3
3313 3
3314 3
3315 3
3319 3
3320 3
3325 3
3329 3
3332 3
3335 3
3340 3
3346 3
3347 3
3349 3
3355 3
3367 3
3368 3
3372 3
3373 3
3374 3
3381 3
3387 3
3389 3
3393 3
3396 3
3401 3
3402 3
3406 3
3409 3
3417 3
3420 3
3423 3
3429 3
3434 3
3435 3
3442 3
3443 3
3444 3
3449 3
3452 3
3453 3
3459 3
3466 3
3467 3
3476 3
3477 3
3481 3
3483 3
3492 3
3495 3
3496 3
3498 3
3505 3
3511 3
3522 3
3528 3
3530 3
3534 3
3546 3
3549 3
3551 3
3552 3
3554 3
3558 3
3559 3
3561 3
3562 3
3563 3
3564 3
3568 3
3569 3
3572 3
3573 3
3574 3
3577 3
3579 3
3583 3
3584 3
3585 3
3587 3
3597 3
3612 3
3613 3
3625 3
3627 3
3628 3
3631 3
3634 3
3642 3
3658 3
3659 3
3670 3
3671 3
3672 3
3673 3
3674 3
3676 3
3686 3
3690 3
3695 3
3702 3
3703 3
3704 3
3706 3
3709 3
3710 3
3718 3
3722 3
3734 3
3740 3
3748 3
3755 3
3760 3
3762 3
3777 3
3779 3
3786 3
3792 3
3793 3
3801 3
3802 3
3805 3
3808 3
3811 3
3813 3
3816 3
3820 3
3830 3
3831 3
3841 3
3845 3
3847 3
3850 3
3853 3
3858 3
3868 3
3870 3
3876 3
3880 3
3883 3
3886 3
3894 3
3898 3
3902 3
3907 3
3915 3
3916 3
3917 3
3924 3
3935 3
3940 3
3947 3
3948 3
3949 3
3953 3
3954 3
3971 3
3982 3
3983 3
3985 3
3989 3
3994 3
3995 3
4000 3
4003 3
4005 3
4007 3
4013 3
4028 3
4029 3
4035 3
4036 3
4037 3
4045 3
4054 3
4065 3
4070 3
4075 3
4082 3
4092 3
4099 3
4111 3
4114 3
4124 3
4128 3
4135 3
4139 3
4143 3
4146 3
4148 3
4154 3
4157 3
4166 3
4178 3
4185 3
4188 3
4190 3
4199 3
4202 3
4217 3
4221 3
4226 3
4227 3
4232 3
4238 3
4243 3
4262 3
4268 3
4270 3
4273 3
4275 3
4285 3
4286 3
4289 3
4294 3
4297 3
4298 3
4305 3
4308 3
4316 3
4317 3
4318 3
4331 3
4332 3
4337 3
4352 3
4356 3
4362 3
4368 3
4371 3
4381 3
4391 3
4395 3
4398 3
4403 3
4409 3
4410 3
4412 3
4421 3
4426 3
4429 3
4436 3
4440 3
4444 3
4454 3
4455 3
4460 3
4463 3
4471 3
4487 3
4492 3
4509 3
4520 3
4524 3
4536 3
4561 3
4569 3
4570 3
4584 3
4594 3
4599 3
4616 3
4617 3
4620 3
4621 3
4638 3
4645 3
4648 3
4687 3
4692 3
4725 3
4726 3
4727 3
4732 3
4734 3
4741 3
4748 3
4753 3
4765 3
4766 3
4783 3
4793 3
4800 3
4802 3
4804 3
4806 3
4811 3
4815 3
4818 3
4836 3
4846 3
4848 3
4850 3
4853 3
4863 3
4869 3
4884 3
4896 3
4898 3
4907 3
4910 3
4915 3
4922 3
4931 3
4941 3
4950 3
4953 3
4969 3
4970 3
4973 3
4976 3
4977 3
4993 3
5000 3
5011 3
5026 3
5030 3
5057 3
5058 3
5060 3
5062 3
5073 3
5100 3
5103 3
5123 3
5141 3
5156 3
5164 3
5169 3
5175 3
5183 3
5198 3
5227 3
5259 3
5269 3
5279 3
5298 3
5309 3
5316 3
5364 3
5373 3
5374 3
5378 3
5386 3
5390 3
5399 3
5400 3
5401 3
5404 3
5412 3
5413 3
5419 3
5428 3
5456 3
5458 3
5467 3
5478 3
5507 3
5518 3
5527 3
5549 3
5557 3
5600 3
5617 3
5618 3
5642 3
5658 3
5665 3
5703 3
5705 3
5710 3
5717 3
5723 3
5737 3
5749 3
5752 3
5760 3
5761 3
5782 3
5798 3
5824 3
5871 3
5887 3
5938 3
5940 3
5954 3
5970 3
5973 3
5975 3
5984 3
5997 3
5999 3
6052 3
6070 3
6110 3
6123 3
6193 3
6200 3
6205 3
6210 3
6215 3
6229 3
6261 3
6298 3
6475 3
6484 3
6498 3
6508 3
6566 3
6642 3
6651 3
6656 3
6722 3
6843 3
6890 3
6994 3
7073 3
7106 3
7115 3
7134 3
7212 3
7294 3
7455 3
7491 3
7608 3
7686 3
7845 3
7911 3
7954 3
8053 3
8188 3
8206 3
8239 3
8558 3
8565 3
8777 3
8893 3
9044 3
9109 3
9244 3
9315 3
9419 3
9464 3
9862 3
10108 3
10224 3
10551 3
10622 3
11464 3
12724 3
15241 3
2100 4
2127 4
2170 4
2183 4
2228 4
2243 4
2245 4
2248 4
2253 4
2254 4
2265 4
2295 4
2323 4
2344 4
2353 4
2372 4
2387 4
2404 4
2409 4
2417 4
2425 4
2435 4
2436 4
2457 4
2469 4
2475 4
2486 4
2487 4
2521 4
2535 4
2538 4
2543 4
2545 4
2566 4
2572 4
2591 4
2596 4
2603 4
2609 4
2610 4
2612 4
2641 4
2666 4
2669 4
2670 4
2672 4
2690 4
2691 4
2704 4
2709 4
2718 4
2723 4
2726 4
2731 4
2743 4
2755 4
2759 4
2764 4
2771 4
2775 4
2776 4
2780 4
2783 4
2798 4
2800 4
2804 4
2821 4
2826 4
2827 4
2830 4
2831 4
2835 4
2841 4
2843 4
2849 4
2856 4
2860 4
2865 4
2870 4
2871 4
2879 4
2883 4
2903 4
2905 4
2915 4
2917 4
2919 4
2920 4
2921 4
2922 4
2929 4
2933 4
2936 4
2937 4
2942 4
2949 4
2951 4
2955 4
2961 4
2974 4
2981 4
2982 4
2983 4
2986 4
3004 4
3007 4
3010 4
3012 4
3016 4
3027 4
3033 4
3039 4
3046 4
3051 4
3062 4
3070 4
3075 4
3078 4
3079 4
3087 4
3089 4
3093 4
3111 4
3113 4
3115 4
3120 4
3125 4
3128 4
3129 4
3146 4
3149 4
3150 4
3155 4
3158 4
3163 4
3165 4
3167 4
3170 4
3172 4
3187 4
3193 4
3202 4
3208 4
3213 4
3219 4
3224 4
3225 4
3233 4
3244 4
3246 4
3263 4
3274 4
3277 4
3278 4
3285 4
3289 4
3291 4
3322 4
3327 4
3338 4
3360 4
3364 4
3370 4
3377 4
3380 4
3408 4
3411 4
3414 4
3415 4
3425 4
3430 4
3433 4
3440 4
3448 4
3455 4
3462 4
3469 4
3479 4
3486 4
3490 4
3504 4
3509 4
3513 4
3516 4
3519 4
3520 4
3521 4
3525 4
3532 4
3539 4
3548 4
3560 4
3570 4
3576 4
3578 4
3581 4
3593 4
3594 4
3595 4
3599 4
3607 4
3609 4
3619 4
3620 4
3623 4
3624 4
3630 4
3637 4
3643 4
3651 4
3653 4
3655 4
3667 4
3683 4
3684 4
3685 4
3688 4
3693 4
3705 4
3720 4
3729 4
3730 4
3761 4
3765 4
3767 4
3770 4
3780 4
3781 4
3795 4
3799 4
3800 4
3809 4
3814 4
3815 4
3821 4
3825 4
3827 4
3832 4
3836 4
3838 4
3874 4
3884 4
3887 4
3888 4
3891 4
3905 4
3912 4
3918 4
3920 4
3926 4
3929 4
3931 4
3939 4
3950 4
3959 4
3960 4
3967 4
3968 4
3969 4
3975 4
3979 4
3988 4
3996 4
4006 4
4008 4
4010 4
4016 4
4021 4
4030 4
4038 4
4046 4
4056 4
4057 4
4058 4
4089 4
4101 4
4137 4
4144 4
4151 4
4155 4
4172 4
4205 4
4214 4
4222 4
4255 4
4288 4
4307 4
4311 4
4327 4
4338 4
4351 4
4365 4
4373 4
4376 4
4385 4
4387 4
4397 4
4405 4
4424 4
4427 4
4438 4
4446 4
4474 4
4491 4
4498 4
4523 4
4526 4
4531 4
4541 4
4562 4
4564 4
4579 4
4608 4
4611 4
4623 4
4627 4
4629 4
4654 4
4663 4
4679 4
4684 4
4721 4
4769 4
4778 4
4791 4
4803 4
4813 4
4816 4
4819 4
4825 4
4831 4
4873 4
4906 4
4930 4
4951 4
5059 4
5159 4
5187 4
5272 4
5291 4
5317 4
5341 4
5344 4
5354 4
5355 4
5380 4
5385 4
5457 4
5492 4
5669 4
5754 4
5758 4
5821 4
6064 4
6075 4
6169 4
6357 4
6463 4
6555 4
6620 4
6707 4
6927 4
7178 4
7271 4
8020 4
8184 4
2004 5
2055 5
2081 5
2096 5
2185 5
2199 5
2201 5
2256 5
2260 5
2271 5
2299 5
2337 5
2342 5
2343 5
2355 5
2359 5
2368 5
2379 5
2388 5
2395 5
2440 5
2443 5
2449 5
2450 5
2461 5
2463 5
2477 5
2483 5
2507 5
2515 5
2523 5
2525 5
2527 5
2531 5
2540 5
2544 5
2560 5
2574 5
2579 5
2583 5
2605 5
2606 5
2613 5
2621 5
2627 5
2628 5
2639 5
2649 5
2650 5
2654 5
2656 5
2659 5
2662 5
2663 5
2674 5
2675 5
2683 5
2686 5
2698 5
2710 5
2712 5
2720 5
2724 5
2725 5
2728 5
2734 5
2762 5
2763 5
2779 5
2781 5
2796 5
2813 5
2818 5
2832 5
2833 5
2837 5
2842 5
2852 5
2854 5
2862 5
2866 5
2876 5
2877 5
2880 5
2881 5
2882 5
2908 5
2924 5
2938 5
2940 5
2946 5
2948 5
2954 5
2958 5
2959 5
2962 5
2969 5
2971 5
2977 5
2987 5
2988 5
3009 5
3018 5
3038 5
3042 5
3058 5
3059 5
3065 5
3067 5
3072 5
3083 5
3085 5
3086 5
3094 5
3103 5
3104 5
3107 5
3108 5
3109 5
3121 5
3122 5
3131 5
3133 5
3135 5
3157 5
3173 5
3181 5
3191 5
3192 5
3195 5
3201 5
3214 5
3217 5
3240 5
3253 5
3256 5
3268 5
3269 5
3273 5
3280 5
3283 5
3297 5
3306 5
3312 5
3316 5
3317 5
3330 5
3339 5
3342 5
3351 5
3352 5
3353 5
3362 5
3369 5
3391 5
3397 5
3432 5
3437 5
3447 5
3460 5
3473 5
3475 5
3493 5
3494 5
3499 5
3508 5
3517 5
3524 5
3527 5
3535 5
3541 5
3544 5
3580 5
3586 5
3629 5
3632 5
3639 5
3640 5
3645 5
3660 5
3675 5
3679 5
3699 5
3712 5
3717 5
3723 5
3732 5
3745 5
3785 5
3797 5
3807 5
3812 5
3822 5
3824 5
3856 5
3872 5
3873 5
3904 5
3941 5
3946 5
3951 5
3962 5
3990 5
3998 5
4012 5
4020 5
4025 5
4042 5
4068 5
4109 5
4127 5
4169 5
4194 5
4195 5
4237 5
4247 5
4249 5
4309 5
4357 5
4453 5
4488 5
4495 5
4514 5
4548 5
4560 5
4677 5
4743 5
4790 5
4967 5
5044 5
5050 5
5099 5
5446 5
5450 5
5926 5
6053 5
1815 6
1847 6
1903 6
1907 6
1966 6
2007 6
2011 6
2039 6
2074 6
2080 6
2093 6
2156 6
2157 6
2164 6
2171 6
2172 6
2176 6
2192 6
2194 6
2206 6
2208 6
2210 6
2218 6
2219 6
2223 6
2235 6
2255 6
2282 6
2283 6
2296 6
2307 6
2310 6
2340 6
2352 6
2361 6
2369 6
2376 6
2383 6
2394 6
2396 6
2400 6
2401 6
2410 6
2411 6
2416 6
2418 6
2423 6
2433 6
2434 6
2439 6
2442 6
2446 6
2447 6
2456 6
2458 6
2459 6
2462 6
2472 6
2478 6
2490 6
2491 6
2512 6
2514 6
2517 6
2519 6
2539 6
2548 6
2555 6
2556 6
2561 6
2562 6
2569 6
2571 6
2592 6
2614 6
2615 6
2617 6
2631 6
2642 6
2643 6
2647 6
2652 6
2657 6
2685 6
2688 6
2689 6
2695 6
2702 6
2703 6
2705 6
2711 6
2715 6
2736 6
2741 6
2745 6
2752 6
2760 6
2761 6
2766 6
2772 6
2778 6
2792 6
2794 6
2799 6
2808 6
2814 6
2820 6
2834 6
2838 6
2850 6
2861 6
2864 6
2886 6
2893 6
2894 6
2895 6
2899 6
2900 6
2902 6
2909 6
2916 6
2925 6
2934 6
2941 6
2944 6
2950 6
2952 6
2964 6
2965 6
2980 6
2995 6
2996 6
2999 6
3006 6
3015 6
3031 6
3037 6
3041 6
3052 6
3063 6
3080 6
3091 6
3095 6
3101 6
3106 6
3114 6
3116 6
3123 6
3124 6
3130 6
3136 6
3140 6
3154 6
3168 6
3171 6
3206 6
3212 6
3230 6
3247 6
3249 6
3275 6
3286 6
3300 6
3318 6
3321 6
3336 6
3343 6
3356 6
3357 6
3363 6
3383 6
3407 6
3427 6
3446 6
3468 6
3471 6
3497 6
3518 6
3523 6
3542 6
3603 6
3610 6
3633 6
3656 6
3697 6
3715 6
3728 6
3736 6
3739 6
3768 6
3776 6
3819 6
3828 6
3903 6
3928 6
4052 6
4063 6
4104 6
4117 6
4147 6
4277 6
4972 6
5581 6
1916 7
1938 7
1976 7
1982 7
2000 7
2053 7
2064 7
2071 7
2072 7
2090 7
2125 7
2131 7
2133 7
2141 7
2151 7
2160 7
2167 7
2173 7
2178 7
2188 7
2216 7
2217 7
2231 7
2249 7
2258 7
2259 7
2264 7
2266 7
2275 7
2278 7
2279 7
2284 7
2298 7
2301 7
2305 7
2319 7
2329 7
2333 7
2349 7
2350 7
2357 7
2360 7
2377 7
2385 7
2386 7
2389 7
2390 7
2392 7
2393 7
2398 7
2408 7
2413 7
2428 7
2431 7
2432 7
2460 7
2464 7
2476 7
2479 7
2485 7
2494 7
2495 7
2500 7
2503 7
2506 7
2509 7
2516 7
2522 7
2536 7
2537 7
2541 7
2542 7
2546 7
2547 7
2550 7
2558 7
2559 7
2564 7
2567 7
2568 7
2573 7
2576 7
2577 7
2580 7
2581 7
2589 7
2590 7
2598 7
2616 7
2632 7
2633 7
2635 7
2648 7
2667 7
2693 7
2701 7
2714 7
2716 7
2722 7
2730 7
2735 7
2750 7
2751 7
2757 7
2758 7
2767 7
2769 7
2786 7
2787 7
2803 7
2805 7
2817 7
2824 7
2829 7
2839 7
2848 7
2867 7
2875 7
2878 7
2888 7
2890 7
2891 7
2892 7
2896 7
2901 7
2911 7
2912 7
2918 7
2926 7
2931 7
2939 7
2943 7
2963 7
2970 7
2973 7
3002 7
3025 7
3035 7
3132 7
3142 7
3147 7
3152 7
3153 7
3162 7
3175 7
3178 7
3194 7
3204 7
3216 7
3218 7
3242 7
3279 7
3331 7
3345 7
3348 7
3412 7
3465 7
3533 7
3646 7
3654 7
3753 7
4081 7
1640 8
1858 8
1862 8
1917 8
1943 8
1944 8
1970 8
1977 8
1985 8
1992 8
2003 8
2022 8
2034 8
2051 8
2056 8
2061 8
2079 8
2083 8
2101 8
2103 8
2107 8
2109 8
2111 8
2123 8
2128 8
2135 8
2140 8
2152 8
2153 8
2155 8
2161 8
2163 8
2190 8
2203 8
2224 8
2234 8
2239 8
2247 8
2250 8
2257 8
2262 8
2267 8
2269 8
2270 8
2274 8
2280 8
2281 8
2287 8
2294 8
2297 8
2311 8
2314 8
2318 8
2324 8
2330 8
2336 8
2338 8
2341 8
2346 8
2351 8
2362 8
2364 8
2366 8
2397 8
2402 8
2403 8
2414 8
2422 8
2424 8
2429 8
2453 8
2455 8
2465 8
2470 8
2480 8
2481 8
2482 8
2488 8
2499 8
2570 8
2575 8
2587 8
2588 8
2593 8
2597 8
2608 8
2630 8
2634 8
2640 8
2655 8
2658 8
2676 8
2699 8
2700 8
2706 8
2739 8
2740 8
2744 8
2753 8
2773 8
2784 8
2791 8
2795 8
2797 8
2822 8
2836 8
2853 8
2855 8
2889 8
2991 8
3013 8
3040 8
3050 8
3105 8
3112 8
3118 8
3138 8
3226 8
3284 8
3307 8
3359 8
3421 8
3441 8
3451 8
1648 9
1770 9
1779 9
1805 9
1836 9
1845 9
1856 9
1871 9
1875 9
1877 9
1879 9
1889 9
1891 9
1909 9
1928 9
1940 9
1949 9
1951 9
1955 9
1956 9
1961 9
1978 9
1989 9
2006 9
2012 9
2014 9
2023 9
2030 9
2035 9
2036 9
2045 9
2047 9
2060 9
2068 9
2077 9
2092 9
2099 9
2104 9
2105 9
2116 9
2120 9
2143 9
2144 9
2149 9
2154 9
2169 9
2177 9
2181 9
2184 9
2202 9
2204 9
2207 9
2213 9
2215 9
2221 9
2225 9
2227 9
2229 9
2233 9
2251 9
2263 9
2268 9
2285 9
2288 9
2289 9
2293 9
2309 9
2316 9
2317 9
2320 9
2327 9
2332 9
2347 9
2348 9
2354 9
2356 9
2367 9
2375 9
2381 9
2384 9
2407 9
2420 9
2444 9
2451 9
2452 9
2466 9
2468 9
2498 9
2501 9
2504 9
2510 9
2511 9
2513 9
2520 9
2533 9
2551 9
2552 9
2557 9
2563 9
2594 9
2600 9
2619 9
2620 9
2626 9
2637 9
2664 9
2665 9
2673 9
2682 9
2692 9
2738 9
2748 9
2770 9
2782 9
2785 9
2790 9
2976 9
3017 9
1624 10
1659 10
1718 10
1772 10
1831 10
1843 10
1870 10
1887 10
1890 10
1910 10
1924 10
1965 10
1981 10
2001 10
2010 10
2013 10
2046 10
2052 10
2059 10
2067 10
2087 10
2091 10
2094 10
2095 10
2102 10
2106 10
2110 10
2117 10
2130 10
2132 10
2137 10
2150 10
2159 10
2180 10
2186 10
2187 10
2196 10
2212 10
2226 10
2232 10
2237 10
2244 10
2246 10
2286 10
2290 10
2292 10
2304 10
2306 10
2321 10
2322 10
2334 10
2365 10
2370 10
2374 10
2380 10
2406 10
2412 10
2426 10
2427 10
2438 10
2441 10
2445 10
2448 10
2471 10
2489 10
2497 10
2505 10
2526 10
2529 10
2578 10
2586 10
2595 10
2602 10
2624 10
2629 10
2636 10
2660 10
2680 10
2707 10
2717 10
2721 10
2729 10
2768 10
2847 10
2858 10
2990 10
3049 10
3092 10
1630 11
1655 11
1708 11
1727 11
1728 11
1730 11
1734 11
1735 11
1740 11
1775 11
1785 11
1797 11
1824 11
1827 11
1849 11
1852 11
1853 11
1857 11
1865 11
1874 11
1886 11
1904 11
1905 11
1920 11
1923 11
1942 11
1950 11
1962 11
1967 11
1986 11
1993 11
2021 11
2027 11
2028 11
2037 11
2041 11
2043 11
2044 11
2054 11
2062 11
2063 11
2073 11
2082 11
2118 11
2119 11
2121 11
2122 11
2136 11
2138 11
2146 11
2162 11
2168 11
2191 11
2193 11
2200 11
2214 11
2220 11
2222 11
2236 11
2241 11
2242 11
2273 11
2276 11
2302 11
2303 11
2308 11
2313 11
2328 11
2335 11
2339 11
2371 11
2467 11
2484 11
2492 11
2508 11
2524 11
2530 11
2532 11
2584 11
2638 11
2644 11
2661 11
2677 11
2765 11
2863 11
2885 11
1549 12
1599 12
1600 12
1605 12
1606 12
1657 12
1676 12
1680 12
1694 12
1711 12
1759 12
1778 12
1801 12
1803 12
1812 12
1816 12
1835 12
1841 12
1854 12
1881 12
1901 12
1913 12
1918 12
1922 12
1929 12
1930 12
1935 12
1936 12
1946 12
1948 12
1952 12
1963 12
1983 12
1988 12
1994 12
1996 12
1998 12
2018 12
2024 12
2031 12
2065 12
2066 12
2069 12
2084 12
2089 12
2098 12
2112 12
2124 12
2158 12
2166 12
2174 12
2189 12
2198 12
2205 12
2252 12
2261 12
2300 12
2326 12
2331 12
2382 12
2399 12
2430 12
2437 12
2454 12
2502 12
2671 12
2694 12
2788 12
1558 13
1668 13
1683 13
1696 13
1702 13
1710 13
1738 13
1741 13
1763 13
1776 13
1782 13
1789 13
1795 13
1799 13
1814 13
1822 13
1828 13
1830 13
1846 13
1850 13
1863 13
1866 13
1873 13
1896 13
1900 13
1914 13
1925 13
1933 13
1947 13
1973 13
1979 13
1980 13
1991 13
1995 13
1999 13
2017 13
2019 13
2029 13
2032 13
2050 13
2076 13
2088 13
2097 13
2114 13
2147 13
2179 13
2182 13
2195 13
2197 13
2230 13
2238 13
2272 13
2277 13
2618 13
2823 13
1594 14
1595 14
1613 14
1615 14
1619 14
1629 14
1658 14
1697 14
1713 14
1721 14
1733 14
1737 14
1750 14
1764 14
1800 14
1804 14
1806 14
1848 14
1855 14
1864 14
1895 14
1902 14
1908 14
1911 14
1915 14
1931 14
1958 14
1959 14
1960 14
1975 14
1997 14
2008 14
2009 14
2015 14
2026 14
2033 14
2070 14
2085 14
2113 14
2115 14
2129 14
2165 14
2211 14
2315 14
2391 14
1453 15
1454 15
1522 15
1592 15
1609 15
1618 15
1674 15
1692 15
1699 15
1723 15
1732 15
1739 15
1757 15
1769 15
1784 15
1794 15
1796 15
1802 15
1807 15
1811 15
1817 15
1825 15
1829 15
1834 15
1859 15
1876 15
1878 15
1880 15
1898 15
1899 15
1906 15
1941 15
1945 15
1953 15
1969 15
2048 15
2075 15
2145 15
2148 15
2291 15
2358 15
1634 16
1647 16
1651 16
1665 16
1673 16
1682 16
1690 16
1691 16
1709 16
1724 16
1747 16
1766 16
1793 16
1808 16
1813 16
1818 16
1821 16
1823 16
1838 16
1840 16
1844 16
1861 16
1867 16
1872 16
1897 16
1939 16
1954 16
1957 16
1964 16
1971 16
1990 16
2020 16
2057 16
2126 16
2139 16
2142 16
2209 16
2363 16
1335 17
1441 17
1445 17
1485 17
1501 17
1503 17
1525 17
1538 17
1547 17
1557 17
1559 17
1566 17
1583 17
1589 17
1649 17
1650 17
1652 17
1664 17
1707 17
1716 17
1725 17
1745 17
1762 17
1768 17
1771 17
1787 17
1791 17
1810 17
1832 17
1842 17
1869 17
1883 17
1885 17
1892 17
1893 17
1919 17
1926 17
1934 17
1968 17
1974 17
2042 17
2049 17
2175 17
1414 18
1415 18
1463 18
1506 18
1511 18
1529 18
1575 18
1581 18
1585 18
1612 18
1614 18
1625 18
1638 18
1663 18
1667 18
1719 18
1744 18
1755 18
1774 18
1809 18
1826 18
1833 18
1882 18
1912 18
1932 18
1937 18
1972 18
1984 18
2002 18
2040 18
2078 18
2240 18
1381 19
1496 19
1497 19
1531 19
1532 19
1540 19
1545 19
1552 19
1578 19
1587 19
1602 19
1603 19
1611 19
1622 19
1628 19
1641 19
1653 19
1656 19
1669 19
1687 19
1693 19
1700 19
1714 19
1722 19
1726 19
1729 19
1749 19
1751 19
1752 19
1761 19
1777 19
1780 19
1781 19
1851 19
1860 19
1888 19
1927 19
1987 19
2016 19
2038 19
2108 19
2325 19
1413 20
1515 20
1520 20
1533 20
1534 20
1543 20
1544 20
1548 20
1560 20
1608 20
1627 20
1632 20
1635 20
1637 20
1643 20
1644 20
1661 20
1675 20
1684 20
1685 20
1688 20
1705 20
1706 20
1715 20
1760 20
1767 20
1790 20
1792 20
1837 20
1884 20
1921 20
2005 20
1368 21
1382 21
1394 21
1427 21
1428 21
1446 21
1461 21
1466 21
1472 21
1491 21
1502 21
1512 21
1597 21
1631 21
1666 21
1670 21
1671 21
1672 21
1679 21
1695 21
1701 21
1773 21
1783 21
1868 21
1894 21
1391 22
1418 22
1467 22
1482 22
1504 22
1510 22
1514 22
1542 22
1546 22
1553 22
1554 22
1556 22
1568 22
1584 22
1596 22
1626 22
1636 22
1639 22
1642 22
1646 22
1677 22
1698 22
1704 22
1712 22
1720 22
1753 22
1754 22
1788 22
1798 22
1819 22
1820 22
1839 22
2025 22
1276 23
1360 23
1416 23
1474 23
1498 23
1499 23
1505 23
1509 23
1513 23
1539 23
1550 23
1577 23
1582 23
1591 23
1616 23
1621 23
1660 23
1662 23
1678 23
1681 23
1689 23
1703 23
1731 23
1786 23
1253 24
1353 24
1355 24
1370 24
1411 24
1425 24
1444 24
1452 24
1455 24
1462 24
1464 24
1477 24
1481 24
1488 24
1494 24
1523 24
1527 24
1551 24
1569 24
1570 24
1571 24
1580 24
1586 24
1588 24
1590 24
1601 24
1617 24
1620 24
1654 24
1686 24
1736 24
1743 24
1748 24
1756 24
1244 25
1374 25
1430 25
1436 25
1451 25
1465 25
1468 25
1470 25
1487 25
1500 25
1518 25
1530 25
1536 25
1573 25
1593 25
1598 25
1604 25
1610 25
1633 25
1245 26
1296 26
1300 26
1315 26
1327 26
1328 26
1338 26
1348 26
1397 26
1400 26
1406 26
1407 26
1440 26
1473 26
1492 26
1517 26
1535 26
1537 26
1572 26
1574 26
1576 26
1623 26
1758 26
1220 27
1232 27
1256 27
1291 27
1317 27
1341 27
1380 27
1389 27
1401 27
1421 27
1431 27
1432 27
1434 27
1443 27
1480 27
1483 27
1489 27
1490 27
1508 27
1561 27
1607 27
1263 28
1266 28
1275 28
1280 28
1302 28
1308 28
1322 28
1323 28
1345 28
1346 28
1347 28
1354 28
1367 28
1376 28
1383 28
1395 28
1403 28
1405 28
1422 28
1424 28
1426 28
1442 28
1448 28
1457 28
1471 28
1524 28
1526 28
1528 28
1541 28
1562 28
1564 28
1717 28
1746 28
1160 29
1214 29
1219 29
1243 29
1286 29
1316 29
1369 29
1385 29
1409 29
1417 29
1459 29
1460 29
1475 29
1495 29
1519 29
1555 29
1567 29
1579 29
1645 29
1151 30
1157 30
1182 30
1241 30
1288 30
1292 30
1309 30
1336 30
1364 30
1365 30
1375 30
1377 30
1396 30
1429 30
1476 30
1478 30
1479 30
1484 30
1486 30
1493 30
1172 31
1202 31
1239 31
1265 31
1268 31
1273 31
1284 31
1294 31
1303 31
1326 31
1329 31
1333 31
1351 31
1356 31
1362 31
1371 31
1390 31
1398 31
1402 31
1408 31
1412 31
1420 31
1423 31
1437 31
1447 31
1565 31
1190 32
1223 32
1279 32
1285 32
1299 32
1306 32
1313 32
1319 32
1332 32
1342 32
1359 32
1361 32
1387 32
1404 32
1410 32
1438 32
1456 32
1507 32
1563 32
1082 33
1183 33
1215 33
1262 33
1281 33
1289 33
1305 33
1307 33
1321 33
1330 33
1350 33
1366 33
1372 33
1386 33
1399 33
1435 33
1449 33
1469 33
1516 33
1521 33
1031 34
1124 34
1167 34
1274 34
1325 34
1331 34
1352 34
1363 34
1392 34
1450 34
1458 34
1231 35
1252 35
1254 35
1270 35
1287 35
1295 35
1304 35
1310 35
1311 35
1349 35
1373 35
1393 35
1742 35
1194 36
1197 36
1212 36
1213 36
1221 36
1230 36
1235 36
1246 36
1272 36
1278 36
1282 36
1318 36
1343 36
1379 36
1433 36
1439 36
1107 37
1143 37
1164 37
1195 37
1196 37
1209 37
1216 37
1222 37
1259 37
1260 37
1267 37
1269 37
1298 37
1320 37
1378 37
1419 37
1125 38
1128 38
1140 38
1158 38
1170 38
1206 38
1210 38
1247 38
1312 38
1314 38
1357 38
1388 38
1150 39
1163 39
1166 39
1188 39
1226 39
1237 39
1250 39
1257 39
1283 39
1290 39
1293 39
1337 39
1340 39
1384 39
1104 40
1165 40
1184 40
1185 40
1187 40
1198 40
1203 40
1217 40
1233 40
1238 40
1277 40
1358 40
1126 41
1136 41
1200 41
1205 41
1207 41
1225 41
1228 41
1229 41
1255 41
1261 41
1339 41
1087 42
1089 42
1092 42
1096 42
1208 42
1218 42
1240 42
1258 42
1297 42
1324 42
1056 43
1072 43
1101 43
1127 43
1130 43
1186 43
1192 43
1199 43
1224 43
1249 43
1264 43
1334 43
1344 43
1047 44
1103 44
1112 44
1134 44
1142 44
1144 44
1159 44
1173 44
1178 44
1189 44
1193 44
1201 44
1204 44
1248 44
1251 44
1301 44
1049 45
1093 45
1131 45
1133 45
1135 45
1146 45
1179 45
1211 45
1236 45
1242 45
1088 46
1118 46
1145 46
1155 46
1181 46
993 47
1068 47
1141 47
1153 47
1176 47
1271 47
1001 48
1004 48
1109 48
1116 48
1119 48
1168 48
1169 48
1191 48
1234 48
1019 49
1048 49
1062 49
1108 49
1117 49
1137 49
1149 49
1152 49
1162 49
1025 50
1035 50
1039 50
1061 50
1081 50
1106 50
1110 50
1154 50
1175 50
1177 50
1007 51
1046 51
1057 51
1064 51
1065 51
1077 51
1098 51
1105 51
1113 51
1122 51
1123 51
1147 51
1227 51
968 52
1006 52
1036 52
1037 52
1180 52
992 53
1010 53
1012 53
1038 53
1070 53
1078 53
1079 53
1115 53
1121 53
1174 53
964 54
970 54
971 54
996 54
1005 54
1024 54
1034 54
1054 54
1058 54
1060 54
1067 54
1080 54
1084 54
1086 54
1100 54
1120 54
1156 54
1033 55
1075 55
1094 55
1099 55
1129 55
1023 56
1044 56
1090 56
1091 56
1095 56
1171 56
946 57
999 57
1000 57
1063 57
1066 57
1069 57
956 58
985 58
1041 58
1076 58
1097 58
1102 58
1138 58
950 59
951 59
1018 59
1050 59
1059 59
1132 59
984 60
1002 60
1032 60
1052 60
1053 60
1055 60
1073 60
1114 60
940 61
949 61
957 61
969 61
1021 61
1148 61
1161 61
954 62
1003 62
1015 62
1030 62
1045 62
1085 62
1139 62
920 63
983 63
903 64
938 64
939 64
967 64
974 64
975 64
1020 64
1040 64
1042 64
911 65
935 65
987 65
1022 65
1051 65
1074 65
1083 65
989 66
1013 66
888 67
948 67
988 67
1027 67
907 68
917 68
919 68
925 68
945 68
982 68
986 68
991 68
1071 68
889 69
958 69
978 69
979 69
998 69
1009 69
1011 69
1016 69
1017 69
1111 69
852 70
901 70
908 70
937 70
944 70
1028 70
921 71
922 71
926 71
943 71
962 71
976 71
1043 71
931 72
953 72
955 72
894 73
910 73
959 73
965 73
997 73
1029 73
972 74
1014 74
1026 74
900 75
941 75
942 75
981 75
995 75
881 76
915 76
933 76
952 76
963 76
895 77
932 77
994 77
1008 77
902 78
918 78
966 78
990 78
831 79
866 79
878 79
887 79
899 79
930 79
947 79
960 79
833 80
834 80
973 80
980 80
891 81
893 81
896 81
961 81
977 81
832 82
874 82
882 82
897 82
905 82
924 82
934 82
936 82
828 83
830 83
842 83
890 83
892 83
916 84
928 84
873 85
880 85
912 85
927 85
811 86
860 86
883 86
913 86
804 87
846 87
848 87
854 87
863 87
904 87
914 87
821 88
871 88
872 88
814 89
841 89
884 89
886 89
909 89
794 90
839 90
865 90
875 90
876 90
782 91
851 91
923 91
789 92
826 92
906 92
797 93
799 93
801 93
806 93
844 93
869 93
885 93
929 93
800 94
835 94
867 94
853 95
898 95
818 96
864 96
879 96
765 97
815 97
840 97
855 97
856 97
859 97
798 98
824 98
825 98
850 98
823 99
857 99
816 100
843 100
862 100
767 101
796 101
845 101
870 101
877 101
795 102
813 102
817 102
858 102
861 103
868 103
808 104
812 104
763 105
807 105
827 105
847 105
755 106
784 106
803 106
836 106
849 106
713 107
770 107
747 108
758 108
785 108
787 108
838 108
810 109
819 109
829 109
760 110
788 110
837 110
752 111
756 111
768 111
740 112
748 112
762 112
772 112
790 112
791 112
802 112
809 112
759 113
793 113
745 114
757 114
766 114
776 114
726 115
746 115
779 115
820 115
744 116
724 117
778 118
719 119
735 119
769 119
805 119
822 119
773 120
777 120
786 120
792 120
729 121
754 121
689 122
774 122
711 123
728 123
753 123
761 123
705 124
717 124
734 124
741 124
749 124
783 124
737 125
751 125
781 126
710 127
723 127
733 127
743 127
699 129
709 129
742 129
780 130
720 131
721 131
731 131
694 132
703 132
730 132
716 133
764 133
727 134
739 134
775 134
718 137
732 137
676 138
715 138
736 138
750 140
771 140
679 141
681 141
704 141
738 141
714 142
669 143
701 143
707 143
708 143
675 144
683 145
671 146
706 146
712 147
665 148
695 148
656 151
677 151
682 151
691 151
697 151
674 152
725 153
672 154
696 154
693 155
702 156
666 157
673 159
680 159
687 160
638 161
662 161
685 161
686 161
698 161
608 162
631 162
690 162
722 162
668 163
688 163
700 163
651 164
678 164
670 165
629 166
642 166
664 166
692 166
636 167
644 167
655 167
605 169
617 169
639 169
649 169
623 170
633 170
635 172
648 172
615 173
632 174
658 174
637 175
654 175
661 176
621 177
657 177
619 178
624 178
626 179
627 180
646 180
660 180
620 181
630 181
653 182
643 183
667 183
625 184
611 186
645 187
647 187
606 188
607 189
610 189
602 192
628 192
650 192
634 193
659 193
684 193
622 195
663 195
616 197
652 197
574 199
609 199
601 201
641 203
597 204
598 204
614 204
584 205
590 205
640 205
596 206
603 206
566 210
594 210
579 211
556 214
595 214
547 215
587 215
604 215
613 218
612 220
618 220
593 222
565 223
568 223
583 223
592 223
576 225
599 225
582 226
591 226
571 227
572 228
561 229
585 229
552 231
569 231
600 231
567 232
570 232
581 232
577 233
564 234
586 235
589 235
558 236
560 236
563 237
573 240
588 242
535 243
550 244
553 245
562 245
529 246
580 246
540 248
578 248
575 249
541 251
548 252
559 253
539 254
542 258
554 259
531 260
538 260
543 260
544 260
545 260
537 262
549 262
551 262
557 263
508 264
530 264
536 264
525 265
534 265
555 265
519 270
503 271
523 271
533 271
528 277
521 280
532 281
526 282
546 284
505 285
514 287
527 288
524 290
489 291
496 291
511 291
491 293
518 293
509 295
513 295
507 296
510 297
498 300
502 300
516 303
483 304
504 304
492 305
497 307
517 307
520 307
499 308
488 311
512 311
515 311
473 312
481 312
495 313
506 313
486 315
522 315
476 316
474 319
485 320
501 322
484 324
500 326
478 327
487 327
469 332
490 332
463 333
461 339
465 339
470 340
477 340
472 341
482 341
494 343
458 347
471 347
493 347
479 351
466 357
464 360
467 360
459 361
439 365
452 366
446 367
475 367
456 370
455 374
480 375
453 376
434 380
442 382
454 382
451 384
457 388
419 392
460 392
430 395
449 395
468 395
445 401
437 402
443 402
462 406
412 407
450 408
433 409
432 411
444 413
429 416
440 417
431 426
417 428
448 428
447 431
421 432
441 435
435 438
436 441
438 442
404 444
428 446
425 447
418 449
414 450
427 453
426 460
411 463
415 464
416 464
424 472
413 473
407 474
420 475
395 477
405 480
409 480
422 481
401 484
408 485
410 485
423 493
397 496
402 499
390 503
399 505
391 515
403 519
394 526
406 527
380 529
400 533
389 536
393 544
398 547
396 548
388 560
383 564
387 564
384 569
392 571
369 572
382 572
371 576
386 584
381 586
370 588
379 590
363 592
377 594
373 596
372 598
368 599
365 600
378 606
367 611
357 618
374 618
385 619
356 628
361 628
375 637
366 639
354 647
364 647
358 655
346 659
376 664
347 667
362 673
348 674
353 680
359 681
355 682
349 684
352 686
339 693
350 699
344 701
351 705
331 706
340 711
360 711
332 721
333 721
335 724
337 733
329 735
345 735
343 744
341 752
328 758
334 773
325 776
326 783
342 785
336 787
338 790
322 791
327 800
324 821
323 824
321 827
315 850
312 851
319 852
316 859
304 866
313 867
320 867
309 869
318 870
317 871
310 878
314 884
303 893
307 894
306 895
330 897
302 906
305 911
308 942
311 943
298 949
299 979
301 980
292 993
290 999
294 1002
295 1006
296 1007
287 1024
300 1024
283 1036
291 1037
289 1042
288 1045
293 1046
284 1053
297 1069
282 1088
285 1100
281 1105
278 1111
276 1116
271 1117
286 1122
273 1130
272 1134
277 1148
279 1155
274 1176
267 1185
266 1220
280 1222
268 1225
269 1227
261 1235
270 1242
263 1253
262 1262
275 1266
265 1271
257 1278
259 1279
258 1303
260 1315
254 1333
249 1341
256 1343
255 1360
253 1364
248 1366
251 1380
264 1388
244 1413
252 1419
247 1431
250 1443
243 1453
245 1472
242 1483
246 1493
238 1540
241 1540
233 1548
237 1564
239 1569
236 1606
234 1623
235 1659
229 1660
226 1675
240 1677
230 1688
232 1704
225 1710
231 1717
221 1747
227 1750
228 1751
223 1771
224 1784
222 1823
219 1876
218 1902
214 1910
213 1925
215 1937
211 1950
217 1956
209 1975
212 1987
207 1990
216 1990
210 2038
208 2047
205 2050
206 2053
203 2067
220 2070
204 2201
202 2230
199 2282
198 2292
201 2301
197 2327
196 2365
194 2369
195 2385
193 2419
189 2455
190 2473
191 2490
200 2491
186 2520
187 2530
188 2556
192 2562
185 2591
184 2665
183 2681
179 2690
181 2692
182 2736
178 2803
175 2857
177 2858
173 2891
176 2906
172 2961
174 3003
171 3010
180 3014
169 3109
167 3126
170 3147
168 3168
166 3184
163 3228
164 3238
161 3349
162 3435
165 3468
159 3480
158 3503
157 3559
156 3645
160 3697
153 3701
155 3726
152 3772
151 3789
149 3807
154 3858
148 3943
147 3951
146 4058
150 4059
145 4114
142 4216
143 4244
141 4254
139 4408
137 4438
144 4443
138 4509
140 4514
136 4681
134 4692
135 4755
133 4786
131 4787
129 5004
130 5025
127 5140
128 5168
132 5265
126 5270
125 5336
124 5442
123 5551
122 5627
121 5772
119 5914
117 5955
118 6003
115 6136
116 6212
113 6346
120 6445
114 6458
111 6645
112 6755
109 6830
107 6970
106 7007
108 7178
103 7401
105 7431
110 7512
104 7645
101 7759
102 7779
99 8169
98 8205
97 8404
94 8629
93 8853
100 8894
95 8911
96 9140
92 9171
91 9379
89 9624
87 10139
90 10307
86 10321
85 10440
88 10784
83 10897
82 11264
84 11271
81 11491
79 11724
78 12252
76 12663
77 12836
80 12915
75 13128
74 13411
73 13841
71 14274
69 14996
72 15024
68 15295
70 15390
67 15908
65 16725
66 17174
64 17561
63 17727
62 18273
61 18488
59 19636
58 19692
57 20515
56 21793
60 21843
53 22961
54 23252
52 24150
51 24496
55 24498
49 26405
50 27750
47 28002
46 29048
48 29661
45 31203
43 31968
44 33593
42 34029
41 34923
39 37608
38 39411
37 40255
40 40484
35 44793
36 45751
34 46675
33 49657
32 52247
31 52487
29 57489
30 58824
28 62704
27 64423
26 68866
25 73136
23 81809
24 86289
22 93220
21 93745
19 101764
20 107990
18 115360
17 118660
16 140895
15 149603
14 169321
13 187068
12 251653
11 254284
9 258508
10 280471
8 318332
7 336517
6 438646
5 539060
4 743964
3 959972
2 1435539
1 2448396
