2703 1
2771 1
2814 1
2819 1
2925 1
2935 1
2938 1
2946 1
2947 1
2950 1
2954 1
2967 1
2988 1
2992 1
2995 1
2996 1
3015 1
3020 1
3053 1
3105 1
3117 1
3120 1
3128 1
3130 1
3144 1
3161 1
3162 1
3191 1
68761 1
3232 1
3235 1
3260 1
3264 1
3290 1
3297 1
3312 1
3316 1
3323 1
3328 1
3329 1
3332 1
3333 1
3347 1
3352 1
3365 1
3376 1
3383 1
3401 1
3408 1
3417 1
3423 1
3436 1
3437 1
3438 1
3442 1
3447 1
3454 1
3455 1
3473 1
3475 1
3477 1
3482 1
3483 1
3485 1
3486 1
3489 1
3495 1
3502 1
3520 1
3529 1
3557 1
3558 1
3563 1
3564 1
3566 1
3569 1
3571 1
3581 1
3582 1
3605 1
3610 1
3614 1
3616 1
3628 1
3640 1
3651 1
3656 1
3657 1
3663 1
3692 1
3699 1
3701 1
3708 1
3710 1
3712 1
3717 1
3723 1
3726 1
3733 1
3734 1
3736 1
3742 1
3748 1
3753 1
3757 1
3760 1
3765 1
3766 1
3768 1
3770 1
3778 1
3782 1
3784 1
3785 1
3787 1
3788 1
3790 1
3791 1
3792 1
3794 1
3797 1
3800 1
3802 1
3804 1
3806 1
3812 1
3824 1
3826 1
3837 1
3838 1
131712 1
3844 1
3851 1
3855 1
3857 1
3859 1
3861 1
3876 1
3880 1
3883 1
3884 1
3891 1
3906 1
3909 1
3917 1
3923 1
3925 1
3926 1
3936 1
3938 1
3940 1
3942 1
3944 1
3945 1
3951 1
3952 1
3957 1
3974 1
65600 1
3983 1
3984 1
3985 1
3986 1
3996 1
4006 1
39414 1
4030 1
4031 1
4037 1
36809 1
4046 1
4047 1
4051 1
4057 1
4066 1
4076 1
4084 1
4088 1
4091 1
4098 1
4101 1
4103 1
4107 1
4109 1
4119 1
4124 1
4125 1
4135 1
4137 1
4143 1
4152 1
4153 1
4155 1
4160 1
4174 1
4176 1
4181 1
4191 1
4192 1
4195 1
4199 1
4201 1
4224 1
4225 1
4230 1
4237 1
4238 1
4241 1
4249 1
4259 1
4260 1
4262 1
4266 1
4267 1
4270 1
4274 1
4275 1
4279 1
4282 1
4286 1
4289 1
4290 1
4292 1
4295 1
4299 1
4301 1
4304 1
4306 1
4309 1
4317 1
4319 1
4320 1
4324 1
4330 1
4334 1
4345 1
4347 1
4349 1
4357 1
4359 1
4360 1
4362 1
4369 1
4371 1
4374 1
4376 1
4379 1
4382 1
4387 1
4392 1
4393 1
4396 1
4400 1
4405 1
4407 1
4408 1
4411 1
4415 1
4416 1
4418 1
4422 1
4429 1
4432 1
4433 1
4435 1
4438 1
4445 1
4446 1
4447 1
4458 1
4460 1
4462 1
4475 1
4479 1
4484 1
4487 1
4488 1
4489 1
4500 1
4501 1
4507 1
4508 1
4511 1
4512 1
4516 1
4519 1
4525 1
4530 1
4542 1
4544 1
4547 1
4548 1
4550 1
4552 1
4553 1
4559 1
4565 1
4568 1
4571 1
4576 1
4579 1
4582 1
4593 1
4596 1
4598 1
4602 1
4604 1
4605 1
4607 1
4609 1
4611 1
4615 1
4616 1
4617 1
4619 1
4622 1
102930 1
4630 1
4634 1
4639 1
4643 1
4644 1
66312 1
4658 1
4662 1
4663 1
4664 1
37433 1
4666 1
4667 1
4673 1
4676 1
4680 1
4682 1
4683 1
4685 1
4686 1
4688 1
4690 1
4691 1
4692 1
4694 1
4696 1
4698 1
4699 1
4701 1
4703 1
4714 1
4716 1
4718 1
4721 1
4722 1
4724 1
4725 1
4726 1
4735 1
4736 1
4740 1
4744 1
33559 1
4749 1
4753 1
4758 1
4760 1
4761 1
4762 1
4768 1
4774 1
4777 1
4780 1
4782 1
4783 1
4785 1
4786 1
4790 1
4791 1
4794 1
4796 1
4799 1
4800 1
4803 1
4805 1
4806 1
4808 1
4814 1
4815 1
4818 1
4823 1
4827 1
4831 1
4835 1
4837 1
4845 1
4847 1
4848 1
4851 1
37620 1
4853 1
4854 1
4858 1
4859 1
4861 1
4862 1
4870 1
4876 1
4879 1
4880 1
4882 1
4886 1
4889 1
4892 1
4896 1
4898 1
4899 1
4905 1
4906 1
4907 1
4908 1
4910 1
4914 1
4917 1
4918 1
4921 1
4924 1
4925 1
4926 1
4927 1
37701 1
4934 1
4949 1
4955 1
4962 1
4967 1
4971 1
4972 1
4975 1
37745 1
66366 1
4982 1
4983 1
4984 1
4989 1
4991 1
4996 1
4997 1
5013 1
5022 1
5024 1
5027 1
5029 1
5033 1
5034 1
5035 1
5037 1
5038 1
5040 1
5042 1
5048 1
5049 1
5051 1
5054 1
5056 1
5058 1
5064 1
5066 1
5067 1
5068 1
5077 1
5081 1
5084 1
5088 1
5094 1
5099 1
5104 1
5112 1
5114 1
5115 1
5117 1
5118 1
5124 1
5126 1
5129 1
5130 1
5132 1
5134 1
5141 1
5142 1
5146 1
5148 1
5149 1
5152 1
5153 1
5155 1
5157 1
5159 1
594984 1
5161 1
5162 1
5165 1
175624 1
5172 1
5173 1
5177 1
5178 1
5181 1
5182 1
5185 1
5188 1
5190 1
5194 1
5196 1
5197 1
5200 1
5201 1
5203 1
5206 1
5207 1
5211 1
5212 1
5218 1
5219 1
5221 1
5222 1
5223 1
5229 1
5230 1
5231 1
5233 1
5237 1
5241 1
5242 1
5243 1
5244 1
5245 1
5247 1
5250 1
5251 1
5253 1
5256 1
5259 1
5263 1
5265 1
5268 1
201878 1
5286 1
5288 1
5290 1
5294 1
5296 1
5298 1
5301 1
5302 1
5303 1
5306 1
5308 1
5309 1
5310 1
5312 1
5313 1
5315 1
5323 1
5324 1
5326 1
5327 1
5329 1
32769 1
38104 1
5340 1
5341 1
5342 1
5343 1
5345 1
5346 1
5349 1
5350 1
5351 1
5353 1
5354 1
5356 1
5358 1
5359 1
5360 1
5363 1
5365 1
5366 1
5367 1
5372 1
5375 1
5381 1
5384 1
5385 1
5387 1
5388 1
5389 1
5391 1
5404 1
5405 1
5408 1
5409 1
5410 1
5421 1
5422 1
5425 1
5426 1
5430 1
5432 1
5433 1
38202 1
5448 1
5452 1
5453 1
5458 1
5459 1
5461 1
5468 1
5471 1
5472 1
5476 1
5480 1
5481 1
5484 1
5485 1
5486 1
33683 1
5493 1
5495 1
5496 1
5503 1
5505 1
5508 1
5509 1
5511 1
5514 1
5518 1
5525 1
5527 1
5529 1
5531 1
5532 1
5533 1
5534 1
5535 1
5537 1
5540 1
5544 1
5545 1
5546 1
5547 1
5549 1
5550 1
5551 1
5552 1
5553 1
5554 1
5555 1
5559 1
5564 1
5568 1
5573 1
5574 1
5575 1
5576 1
5583 1
5587 1
5588 1
5593 1
5594 1
5595 1
5596 1
5597 1
5603 1
5604 1
5605 1
5607 1
5609 1
5613 1
5614 1
5615 1
5620 1
5621 1
5633 1
5637 1
38411 1
5644 1
104706 1
5648 1
5649 1
5651 1
5654 1
5655 1
5660 1
5662 1
38433 1
5666 1
5667 1
5670 1
5675 1
38444 1
5678 1
5679 1
5681 1
5684 1
5685 1
5687 1
5689 1
5690 1
5693 1
5695 1
5696 1
5697 1
5698 1
5702 1
5707 1
5712 1
5716 1
5719 1
5725 1
5728 1
5729 1
5731 1
5732 1
5734 1
5738 1
5750 1
5751 1
5753 1
5755 1
5757 1
5761 1
5763 1
5766 1
5768 1
5769 1
5781 1
5783 1
5784 1
5786 1
5788 1
5793 1
5798 1
5802 1
5804 1
5805 1
38574 1
5808 1
5809 1
5811 1
5813 1
5814 1
5817 1
5821 1
5823 1
5825 1
5827 1
5829 1
5833 1
5835 1
5836 1
5839 1
5840 1
5842 1
5843 1
5846 1
38616 1
5849 1
5854 1
5855 1
5856 1
5858 1
5863 1
5864 1
5866 1
5867 1
5869 1
5870 1
5871 1
5874 1
136947 1
5884 1
5885 1
5886 1
5892 1
5901 1
5903 1
5904 1
5906 1
5910 1
5911 1
5912 1
5913 1
5916 1
5918 1
5919 1
5920 1
33755 1
5924 1
5926 1
5928 1
5930 1
5933 1
5937 1
5942 1
5945 1
5946 1
5947 1
5949 1
5951 1
5954 1
5960 1
5966 1
5967 1
5968 1
5972 1
175759 1
5980 1
5982 1
5988 1
5993 1
5995 1
5996 1
5998 1
6006 1
6008 1
6010 1
6017 1
6026 1
6033 1
6034 1
6038 1
6046 1
6049 1
6050 1
6056 1
6058 1
6062 1
6064 1
6068 1
6073 1
6074 1
6076 1
6079 1
6083 1
6086 1
6091 1
6092 1
6095 1
6096 1
6103 1
6106 1
6108 1
6114 1
6120 1
6123 1
6131 1
6132 1
6134 1
6136 1
6138 1
6139 1
38908 1
6142 1
6144 1
6145 1
6148 1
6151 1
6152 1
6154 1
6155 1
6160 1
6166 1
6168 1
6172 1
6173 1
6174 1
6176 1
6179 1
6182 1
6183 1
6184 1
6185 1
6186 1
6192 1
6193 1
6195 1
39262 1
6199 1
6202 1
6203 1
6209 1
6211 1
6213 1
6214 1
6215 1
6217 1
6218 1
6219 1
33805 1
6226 1
71763 1
6231 1
6233 1
6236 1
6238 1
6239 1
6243 1
6248 1
6252 1
6253 1
6254 1
6257 1
6258 1
6260 1
6262 1
6265 1
6266 1
6268 1
6269 1
71808 1
6275 1
6279 1
6284 1
71823 1
6293 1
6297 1
6298 1
6300 1
6302 1
6303 1
6306 1
33819 1
6313 1
6317 1
6318 1
6319 1
6323 1
6325 1
6327 1
6334 1
6336 1
6337 1
6338 1
6340 1
34036 1
39111 1
6347 1
6348 1
6350 1
6351 1
6356 1
6360 1
6361 1
235738 1
6364 1
6366 1
6367 1
6368 1
6370 1
6371 1
6376 1
6378 1
6386 1
6389 1
6390 1
6394 1
6395 1
6399 1
6402 1
6403 1
6405 1
6406 1
6410 1
6411 1
6413 1
6414 1
6416 1
6417 1
6419 1
6422 1
6426 1
6428 1
6430 1
6432 1
6433 1
6439 1
6448 1
6452 1
39222 1
6459 1
6460 1
6463 1
6468 1
6470 1
6472 1
6475 1
6476 1
6478 1
6480 1
6481 1
6483 1
6485 1
6486 1
6487 1
39267 1
6504 1
6508 1
6509 1
6515 1
6519 1
6520 1
6526 1
6534 1
6535 1
6539 1
6546 1
6547 1
6548 1
6552 1
6561 1
6565 1
6568 1
6570 1
6574 1
137647 1
6576 1
6580 1
6582 1
6584 1
6587 1
6589 1
6590 1
6592 1
6595 1
6597 1
6598 1
6599 1
6602 1
6608 1
6609 1
6614 1
6616 1
6618 1
6621 1
6624 1
6626 1
6631 1
6632 1
6637 1
6640 1
6644 1
6647 1
6651 1
6652 1
6653 1
6654 1
6657 1
6658 1
6661 1
6665 1
6676 1
6686 1
6687 1
6688 1
6693 1
39345 1
6697 1
6699 1
6703 1
6704 1
6706 1
6707 1
6708 1
6709 1
6712 1
6713 1
6714 1
6715 1
6716 1
6719 1
6720 1
6721 1
6723 1
6724 1
6729 1
6731 1
6736 1
39352 1
6738 1
6741 1
6742 1
6743 1
6744 1
6747 1
6751 1
6760 1
6762 1
6769 1
6775 1
6777 1
6779 1
6783 1
6784 1
6786 1
6791 1
6792 1
6795 1
6804 1
6805 1
6806 1
6811 1
6813 1
6817 1
6819 1
6820 1
6822 1
39591 1
6824 1
6825 1
6826 1
6828 1
6831 1
6834 1
6841 1
6842 1
6845 1
6847 1
6850 1
6852 1
6855 1
72392 1
6858 1
6859 1
6861 1
6865 1
6866 1
6867 1
6868 1
6874 1
6875 1
6876 1
6877 1
6879 1
6880 1
6883 1
6888 1
6890 1
6892 1
6893 1
6894 1
6896 1
6901 1
6904 1
6906 1
6913 1
6915 1
6920 1
6925 1
6926 1
6931 1
105239 1
33924 1
6939 1
72476 1
6946 1
6948 1
72486 1
6952 1
6959 1
6965 1
6972 1
39741 1
6980 1
6983 1
6986 1
6993 1
6995 1
7002 1
7003 1
7005 1
7009 1
7010 1
7014 1
66705 1
7020 1
7021 1
7028 1
7031 1
7033 1
72573 1
7038 1
7040 1
7042 1
7053 1
104941 1
7061 1
7066 1
7067 1
7070 1
7071 1
7072 1
39844 1
7078 1
39848 1
7081 1
7082 1
7083 1
7084 1
7087 1
7090 1
33950 1
7094 1
7095 1
7098 1
7099 1
7100 1
7105 1
7107 1
7108 1
7109 1
7112 1
7113 1
7114 1
7115 1
7116 1
7123 1
7125 1
7126 1
7135 1
7136 1
7139 1
7140 1
7142 1
7143 1
7153 1
7155 1
7159 1
7161 1
7165 1
7170 1
7171 1
7173 1
7175 1
7176 1
7178 1
7179 1
7182 1
7183 1
7186 1
7188 1
66734 1
7190 1
7192 1
7193 1
7202 1
7205 1
7210 1
7211 1
7219 1
7222 1
7223 1
7226 1
7229 1
7239 1
7240 1
7242 1
7247 1
7248 1
7249 1
40020 1
7256 1
7258 1
7260 1
7263 1
7264 1
7268 1
7271 1
7277 1
7279 1
7280 1
7284 1
7286 1
7298 1
7302 1
7306 1
7312 1
7313 1
7314 1
7320 1
7324 1
7328 1
7330 1
7333 1
7334 1
7335 1
7338 1
7350 1
33993 1
170461 1
7362 1
7369 1
7375 1
7385 1
7387 1
7389 1
7392 1
7394 1
7396 1
7397 1
7398 1
7399 1
7404 1
7410 1
7412 1
7414 1
7416 1
7417 1
7425 1
7428 1
7433 1
7441 1
7443 1
7444 1
7446 1
7449 1
7451 1
7452 1
7453 1
7455 1
7457 1
7460 1
7465 1
7467 1
7476 1
7484 1
7487 1
7489 1
7493 1
7501 1
7504 1
40274 1
7509 1
7513 1
1918181 1
7520 1
7521 1
7523 1
7524 1
7528 1
7530 1
7536 1
7537 1
7543 1
7544 1
7550 1
7551 1
7553 1
7556 1
7558 1
7560 1
7563 1
7566 1
7568 1
7572 1
7574 1
7575 1
7579 1
7580 1
7583 1
7587 1
7588 1
7589 1
7590 1
7597 1
7601 1
7604 1
7610 1
7611 1
7617 1
7619 1
7621 1
7625 1
7626 1
7627 1
7628 1
7630 1
7635 1
7640 1
7643 1
7648 1
7655 1
73197 1
7664 1
7666 1
7674 1
7679 1
71179 1
7681 1
7683 1
7685 1
7686 1
7691 1
7692 1
7695 1
7696 1
7697 1
7698 1
171541 1
7707 1
7708 1
7713 1
7717 1
7724 1
77521 1
7728 1
7733 1
7735 1
7736 1
7738 1
7739 1
7741 1
73284 1
7750 1
7752 1
7754 1
7760 1
7761 1
7768 1
7769 1
7775 1
7777 1
7780 1
7786 1
7787 1
7792 1
7793 1
7795 1
7801 1
7802 1
7803 1
7806 1
7810 1
7811 1
7812 1
7819 1
7822 1
7823 1
7824 1
7828 1
7831 1
7834 1
7835 1
7837 1
7841 1
7844 1
7848 1
7850 1
7853 1
7855 1
7856 1
7861 1
7862 1
138936 1
7865 1
40634 1
7867 1
7868 1
169387 1
7873 1
7876 1
7877 1
7881 1
7882 1
7888 1
7892 1
237274 1
7900 1
7902 1
7906 1
39509 1
7910 1
7912 1
7913 1
7915 1
7917 1
7921 1
7923 1
7925 1
7927 1
7929 1
7933 1
7934 1
7935 1
7941 1
7942 1
7943 1
7945 1
597773 1
7954 1
7961 1
106271 1
7969 1
7971 1
7972 1
7974 1
7975 1
7976 1
7977 1
7981 1
7984 1
7985 1
7986 1
7993 1
7995 1
8006 1
8008 1
8009 1
8012 1
8014 1
8020 1
8026 1
8027 1
8028 1
8030 1
8037 1
8044 1
8045 1
8050 1
8052 1
8064 1
40837 1
8071 1
427330 1
8078 1
8081 1
8085 1
8087 1
8090 1
8091 1
8092 1
8096 1
8105 1
8107 1
8111 1
8113 1
8119 1
8121 1
40890 1
8123 1
8124 1
8127 1
8130 1
8141 1
8142 1
8143 1
8146 1
8153 1
8155 1
8164 1
8167 1
8169 1
8175 1
8179 1
40948 1
8188 1
8189 1
8190 1
8193 1
8195 1
8199 1
8203 1
8206 1
8207 1
8210 1
8211 1
8214 1
8225 1
8226 1
8229 1
8232 1
8233 1
8237 1
8238 1
8243 1
8252 1
8254 1
8257 1
8258 1
8262 1
41035 1
8270 1
8280 1
8286 1
8291 1
8292 1
8295 1
8296 1
8298 1
8301 1
8306 1
8308 1
8310 1
8311 1
8312 1
8317 1
8319 1
8320 1
8321 1
8322 1
8323 1
8325 1
8327 1
8331 1
8338 1
8340 1
8351 1
8361 1
8366 1
8368 1
8370 1
8372 1
8374 1
8375 1
8377 1
8390 1
8401 1
8402 1
8404 1
8407 1
8412 1
8421 1
8424 1
39634 1
8430 1
8443 1
8447 1
8451 1
8452 1
8454 1
8458 1
8460 1
8462 1
8468 1
8469 1
8473 1
8477 1
8484 1
8486 1
8489 1
8491 1
8500 1
8502 1
8508 1
8510 1
8513 1
8516 1
8520 1
8522 1
8524 1
8525 1
8532 1
8535 1
8538 1
8540 1
8544 1
8546 1
8548 1
8553 1
8556 1
8561 1
74099 1
8566 1
8567 1
8569 1
8574 1
8583 1
8584 1
8589 1
8593 1
8594 1
8597 1
8599 1
8606 1
8607 1
8608 1
8611 1
8619 1
8621 1
8623 1
8626 1
8628 1
172470 1
8632 1
8633 1
8636 1
8641 1
8642 1
8644 1
8645 1
8646 1
8649 1
8653 1
8654 1
8656 1
8661 1
8664 1
8665 1
8668 1
8669 1
8673 1
8676 1
8679 1
8683 1
8685 1
8688 1
8691 1
8693 1
8700 1
8702 1
8705 1
8708 1
8709 1
41480 1
8713 1
8714 1
8717 1
8718 1
8720 1
8722 1
8725 1
8729 1
8730 1
41500 1
8734 1
8737 1
8738 1
8741 1
8743 1
8745 1
8747 1
33010 1
8753 1
8756 1
336437 1
8759 1
8761 1
8764 1
69033 1
8772 1
8773 1
8777 1
8780 1
8786 1
8787 1
8788 1
8794 1
973583 1
8798 1
8801 1
8803 1
8804 1
8810 1
8813 1
8814 1
8815 1
8818 1
8819 1
8821 1
8824 1
8825 1
8827 1
8830 1
8835 1
8839 1
8842 1
139918 1
8847 1
8850 1
8851 1
8852 1
8855 1
8857 1
8862 1
8864 1
8867 1
8871 1
8872 1
8873 1
8875 1
8879 1
8880 1
8883 1
41656 1
107194 1
8897 1
8899 1
8900 1
8901 1
8904 1
8906 1
8907 1
8910 1
8914 1
8921 1
8922 1
8925 1
8927 1
8929 1
8930 1
8932 1
8934 1
8936 1
8938 1
8940 1
8941 1
8946 1
8947 1
8948 1
8954 1
8955 1
8958 1
41729 1
8966 1
8967 1
8968 1
8969 1
8982 1
1090327 1
8985 1
8986 1
8989 1
8991 1
8994 1
8997 1
9001 1
9008 1
9011 1
9012 1
39732 1
9028 1
9030 1
9032 1
9038 1
9039 1
9040 1
9042 1
9049 1
9050 1
9060 1
9067 1
9071 1
9074 1
9075 1
9079 1
9083 1
9090 1
9091 1
9092 1
9095 1
9098 1
9100 1
9101 1
9105 1
9108 1
9111 1
9122 1
9124 1
9127 1
9129 1
9132 1
9135 1
9138 1
9141 1
9143 1
9148 1
9151 1
9152 1
9154 1
9155 1
9161 1
9162 1
9164 1
9165 1
9166 1
9167 1
9168 1
9169 1
9179 1
9184 1
9185 1
9186 1
74724 1
9194 1
9195 1
9197 1
9199 1
9201 1
9202 1
695123 1
9204 1
9209 1
9219 1
9221 1
34305 1
9227 1
41996 1
9230 1
32795 1
9238 1
9240 1
140313 1
9244 1
9246 1
9247 1
9255 1
9258 1
9259 1
9260 1
9263 1
9264 1
9266 1
9269 1
9281 1
9282 1
9289 1
9290 1
9302 1
176314 1
9310 1
9312 1
9315 1
39782 1
9323 1
9328 1
9329 1
9331 1
9334 1
67092 1
9348 1
9349 1
9350 1
9359 1
9360 1
9363 1
9366 1
9367 1
9368 1
9374 1
9376 1
9387 1
42159 1
9393 1
9394 1
9403 1
9408 1
9409 1
9413 1
9414 1
9415 1
9419 1
9423 1
9426 1
9427 1
9443 1
9444 1
9447 1
9449 1
9450 1
9451 1
9453 1
9458 1
9460 1
9465 1
9467 1
9470 1
9471 1
9475 1
39809 1
34348 1
9483 1
9486 1
9489 1
9491 1
9492 1
9493 1
9495 1
9496 1
9498 1
9500 1
9502 1
9503 1
9504 1
42275 1
9510 1
9513 1
9516 1
9522 1
9524 1
9525 1
9527 1
9539 1
9540 1
34358 1
9542 1
42311 1
9546 1
9553 1
9554 1
9555 1
9557 1
42329 1
9570 1
9581 1
9582 1
9584 1
9585 1
9586 1
39827 1
9595 1
9599 1
9608 1
9611 1
9613 1
9623 1
9632 1
9633 1
9634 1
42404 1
9637 1
75181 1
9648 1
9653 1
9656 1
9664 1
9666 1
9667 1
9669 1
42444 1
42449 1
9683 1
9685 1
9686 1
9696 1
9703 1
9724 1
9725 1
9731 1
9733 1
9735 1
9748 1
9749 1
9758 1
9759 1
42528 1
9762 1
9768 1
9769 1
9774 1
9776 1
9793 1
9796 1
9800 1
9808 1
9817 1
9825 1
9836 1
9837 1
9843 1
9844 1
9856 1
9857 1
9858 1
33062 1
9862 1
9863 1
67180 1
9868 1
9871 1
9881 1
9883 1
9885 1
9887 1
9891 1
9894 1
9898 1
9902 1
9903 1
9905 1
9909 1
9917 1
9918 1
9930 1
9932 1
9935 1
9937 1
173789 1
9951 1
9958 1
9962 1
42733 1
9966 1
9967 1
9972 1
9976 1
9977 1
9979 1
9980 1
9985 1
9987 1
9997 1
9998 1
9999 1
10000 1
10005 1
10014 1
10026 1
10036 1
10039 1
10046 1
10048 1
10051 1
10061 1
10063 1
10067 1
10070 1
10072 1
10073 1
10081 1
10088 1
10090 1
10096 1
42867 1
10107 1
108412 1
42877 1
10112 1
10114 1
10115 1
10118 1
10122 1
10123 1
10124 1
10127 1
10131 1
10132 1
10135 1
10136 1
10140 1
10141 1
108466 1
42938 1
10176 1
10177 1
10185 1
10186 1
39927 1
33073 1
10192 1
10202 1
112017 1
10208 1
10209 1
10213 1
10216 1
10220 1
10222 1
42996 1
10233 1
10235 1
10237 1
10240 1
10243 1
10244 1
10252 1
10255 1
10258 1
10260 1
10261 1
10266 1
10268 1
141341 1
10271 1
10272 1
10283 1
10285 1
10294 1
10299 1
10316 1
34488 1
108628 1
10326 1
10330 1
10334 1
43103 1
10341 1
10342 1
370792 1
10347 1
10352 1
10353 1
10360 1
39956 1
10366 1
10370 1
10379 1
43148 1
10381 1
10383 1
10386 1
10387 1
10394 1
10400 1
43169 1
10403 1
10412 1
10417 1
10419 1
10437 1
38537 1
10444 1
10446 1
10451 1
10453 1
10454 1
10456 1
10461 1
10463 1
10465 1
10467 1
10469 1
10474 1
174322 1
43251 1
10485 1
10486 1
10488 1
10493 1
10494 1
10496 1
10504 1
76041 1
10506 1
10513 1
10521 1
10528 1
10539 1
10540 1
10543 1
34176 1
10552 1
10555 1
76109 1
10574 1
10575 1
10583 1
10590 1
10592 1
10602 1
10604 1
76145 1
10610 1
207219 1
10617 1
43397 1
141707 1
10636 1
10638 1
10639 1
43413 1
10646 1
10647 1
10649 1
10654 1
10658 1
10665 1
10676 1
10680 1
10689 1
10693 1
10695 1
198391 1
43469 1
10706 1
10708 1
10710 1
10719 1
10723 1
10724 1
10725 1
10727 1
10729 1
10737 1
10744 1
10747 1
10759 1
10776 1
10779 1
10787 1
38261 1
10794 1
10805 1
10806 1
10810 1
10816 1
10819 1
10821 1
10823 1
10824 1
10827 1
10830 1
10831 1
10832 1
10835 1
10837 1
10838 1
10851 1
10853 1
10855 1
43627 1
10861 1
10865 1
10879 1
10888 1
10891 1
10892 1
10893 1
10895 1
10899 1
10905 1
10906 1
10910 1
10925 1
10932 1
10933 1
10935 1
10938 1
10949 1
10951 1
43720 1
10957 1
10958 1
10963 1
43734 1
10974 1
10975 1
10979 1
10981 1
10982 1
10997 1
10998 1
11007 1
11009 1
43788 1
11023 1
11025 1
11026 1
11030 1
11031 1
11034 1
11040 1
11042 1
11049 1
11052 1
11055 1
11058 1
11059 1
11063 1
11067 1
11068 1
11070 1
11075 1
11081 1
34615 1
11093 1
11094 1
11097 1
11099 1
11105 1
11110 1
11120 1
11121 1
11126 1
11133 1
11146 1
11150 1
11151 1
11155 1
11161 1
11167 1
11168 1
273315 1
11173 1
43950 1
11188 1
109496 1
11194 1
11199 1
11203 1
11204 1
11206 1
11207 1
11208 1
11226 1
11228 1
11234 1
11237 1
11242 1
11246 1
11249 1
11250 1
11257 1
11263 1
11264 1
11267 1
11271 1
11273 1
11285 1
11290 1
11295 1
11299 1
11312 1
11314 1
11316 1
34655 1
109628 1
11328 1
11335 1
109652 1
11351 1
11356 1
44128 1
11361 1
11362 1
11365 1
11367 1
11370 1
11371 1
11387 1
11391 1
11404 1
11412 1
11417 1
11421 1
11429 1
11430 1
44201 1
11440 1
11447 1
11451 1
11452 1
11455 1
11465 1
44236 1
11471 1
34682 1
11487 1
11488 1
11495 1
11497 1
11498 1
11500 1
44274 1
11508 1
11510 1
11512 1
67457 1
11535 1
11541 1
44323 1
11558 1
77096 1
60397 1
11578 1
11585 1
11591 1
11593 1
109899 1
40162 1
11604 1
11605 1
11608 1
11610 1
11612 1
11620 1
11624 1
11626 1
11627 1
133010 1
77174 1
11646 1
11653 1
44423 1
11657 1
34713 1
11677 1
11683 1
11691 1
11692 1
11697 1
11704 1
11706 1
11709 1
11710 1
11717 1
11721 1
11724 1
11739 1
11746 1
437735 1
11764 1
44552 1
11791 1
11805 1
11806 1
11814 1
11816 1
11839 1
11840 1
11846 1
142920 1
11851 1
11862 1
11863 1
11871 1
11875 1
11880 1
11882 1
11884 1
11886 1
11891 1
11897 1
11902 1
11904 1
11905 1
11906 1
11907 1
11917 1
44687 1
11921 1
11925 1
44701 1
11939 1
11949 1
77487 1
11954 1
11955 1
11957 1
110262 1
11960 1
11966 1
11970 1
44740 1
11973 1
11975 1
11978 1
11980 1
11981 1
11982 1
11983 1
11985 1
11986 1
11991 1
11992 1
11994 1
12017 1
12018 1
12033 1
12043 1
12047 1
12053 1
110360 1
12059 1
12060 1
12061 1
12066 1
12070 1
12074 1
12076 1
12083 1
12085 1
12087 1
12092 1
12095 1
12103 1
12109 1
12115 1
12117 1
12120 1
12126 1
12132 1
110438 1
12142 1
12143 1
12147 1
12148 1
208758 1
12155 1
12158 1
44929 1
12162 1
12163 1
12166 1
12171 1
12172 1
12176 1
12180 1
12185 1
12190 1
12199 1
274345 1
12205 1
44985 1
12222 1
12230 1
12231 1
12233 1
12237 1
12243 1
12246 1
67578 1
12269 1
12270 1
12277 1
45048 1
12283 1
12287 1
12289 1
12291 1
12292 1
56662 1
176135 1
12324 1
12325 1
12333 1
12345 1
12348 1
12358 1
12366 1
12371 1
12377 1
12384 1
12386 1
12388 1
12393 1
12394 1
12398 1
12405 1
12407 1
34837 1
12423 1
12424 1
77964 1
12442 1
12445 1
100379 1
12452 1
12465 1
12467 1
12473 1
12474 1
12478 1
12479 1
33150 1
78039 1
12504 1
12510 1
133157 1
12516 1
110825 1
12534 1
45780 1
12541 1
12549 1
12556 1
12557 1
12559 1
12560 1
78103 1
12571 1
12573 1
12576 1
12586 1
12597 1
241975 1
12602 1
12618 1
45404 1
12652 1
12653 1
12657 1
12663 1
12668 1
12675 1
12678 1
12685 1
12695 1
12699 1
45481 1
12726 1
12737 1
12742 1
12750 1
45526 1
12759 1
12761 1
176626 1
12793 1
12794 1
12801 1
12802 1
12810 1
12814 1
12818 1
45590 1
12828 1
12829 1
12833 1
12834 1
12842 1
12843 1
12847 1
12850 1
12851 1
12870 1
12873 1
12876 1
12879 1
12898 1
12902 1
12903 1
12905 1
12912 1
12913 1
12918 1
12922 1
65898 1
12932 1
12936 1
12937 1
12945 1
12955 1
12958 1
12959 1
12960 1
12970 1
12984 1
12989 1
1192638 1
13000 1
13009 1
13010 1
13012 1
13019 1
13024 1
13031 1
13033 1
13035 1
13043 1
45814 1
13048 1
13052 1
13054 1
45827 1
13062 1
13071 1
176913 1
13079 1
13083 1
13088 1
13090 1
155099 1
13096 1
34951 1
13103 1
13115 1
13123 1
13131 1
13132 1
13136 1
13138 1
13139 1
13149 1
13150 1
13159 1
33172 1
45934 1
13172 1
13175 1
13182 1
13186 1
13191 1
13193 1
13198 1
13208 1
13222 1
13227 1
13228 1
13229 1
13230 1
13238 1
13244 1
13247 1
78791 1
13259 1
13260 1
13268 1
13269 1
13270 1
171514 1
13296 1
34984 1
13300 1
13305 1
13306 1
13309 1
13312 1
13313 1
13314 1
13324 1
13325 1
13326 1
13328 1
13330 1
13340 1
13346 1
13350 1
13351 1
38634 1
13360 1
13364 1
13374 1
13377 1
13387 1
13395 1
46168 1
13406 1
275560 1
13422 1
13442 1
13444 1
13447 1
13457 1
13461 1
13465 1
13466 1
13469 1
13481 1
13482 1
13496 1
13501 1
13506 1
46280 1
13514 1
46286 1
95096 1
13525 1
13532 1
13545 1
35026 1
79091 1
13560 1
13562 1
13568 1
13576 1
13589 1
13613 1
13627 1
13629 1
13634 1
13636 1
13640 1
46418 1
13664 1
13671 1
13676 1
13685 1
45976 1
13728 1
13730 1
13732 1
13740 1
13747 1
13750 1
13758 1
13773 1
13799 1
210418 1
13814 1
13831 1
13833 1
13838 1
13849 1
13850 1
79395 1
13862 1
13863 1
13865 1
71385 1
13870 1
13877 1
13878 1
13880 1
46650 1
112187 1
210499 1
13895 1
13899 1
13901 1
13908 1
13920 1
13928 1
13932 1
13936 1
13937 1
46707 1
13943 1
13944 1
13945 1
13948 1
13967 1
13973 1
13976 1
13983 1
13984 1
13986 1
14013 1
14019 1
33872 1
14042 1
14044 1
14055 1
14064 1
14066 1
14070 1
46843 1
14076 1
33203 1
14117 1
14122 1
14123 1
14124 1
79667 1
14136 1
14139 1
46942 1
14179 1
14181 1
14183 1
14184 1
14186 1
14193 1
14196 1
14203 1
14204 1
14220 1
14221 1
14231 1
14236 1
14246 1
14247 1
14249 1
14250 1
14251 1
14252 1
14261 1
14263 1
14277 1
14278 1
14284 1
47053 1
14291 1
14292 1
14297 1
79846 1
145389 1
14332 1
14341 1
47121 1
14370 1
79913 1
14379 1
47161 1
79930 1
47169 1
243785 1
14413 1
47191 1
14425 1
14433 1
14436 1
14437 1
14443 1
14444 1
14461 1
47254 1
14493 1
14501 1
14515 1
47306 1
14544 1
14549 1
14562 1
14563 1
14566 1
14582 1
14595 1
14600 1
14625 1
14635 1
14643 1
14648 1
47428 1
14661 1
178509 1
14687 1
14694 1
14695 1
14697 1
14700 1
14704 1
14705 1
14711 1
211325 1
14747 1
14756 1
14758 1
14766 1
14770 1
14775 1
14784 1
14795 1
14796 1
14804 1
47586 1
14834 1
14846 1
14850 1
14857 1
14873 1
14874 1
47648 1
40710 1
14886 1
14889 1
14907 1
14909 1
670270 1
14916 1
14917 1
14923 1
14924 1
14941 1
14946 1
14952 1
14954 1
14957 1
14960 1
14972 1
47744 1
14981 1
14985 1
47767 1
15001 1
15004 1
15006 1
15010 1
15012 1
47781 1
15019 1
15020 1
15027 1
133580 1
47818 1
15053 1
47832 1
15085 1
15091 1
15100 1
15102 1
15103 1
15105 1
15108 1
15112 1
15114 1
15120 1
15130 1
15140 1
15142 1
15145 1
15163 1
15166 1
15172 1
15175 1
15180 1
146257 1
15196 1
15205 1
15206 1
15209 1
15222 1
15240 1
15255 1
15286 1
15296 1
15301 1
15308 1
15310 1
15323 1
15333 1
15347 1
15350 1
15357 1
395777 1
15381 1
15389 1
15392 1
15399 1
15400 1
15411 1
15412 1
15413 1
15417 1
15422 1
48192 1
15432 1
44159 1
113748 1
15447 1
80996 1
166417 1
179328 1
15490 1
15495 1
15497 1
15503 1
15504 1
15533 1
15541 1
15544 1
15567 1
15568 1
48338 1
15575 1
15576 1
310495 1
15587 1
15602 1
15608 1
146687 1
15616 1
15623 1
15631 1
15633 1
15635 1
15640 1
15652 1
38711 1
15667 1
48452 1
81222 1
15690 1
69264 1
15709 1
15711 1
15718 1
66663 1
15726 1
15727 1
15732 1
48504 1
35391 1
15759 1
15760 1
15761 1
15764 1
15765 1
15766 1
15768 1
15782 1
15787 1
15788 1
73632 1
15833 1
15837 1
65996 1
15869 1
15871 1
15882 1
15883 1
15887 1
15910 1
15925 1
15932 1
15935 1
15946 1
15956 1
15958 1
15968 1
15971 1
15990 1
15991 1
48768 1
16010 1
16012 1
81560 1
16028 1
16047 1
16062 1
16073 1
48847 1
48856 1
16094 1
16096 1
16097 1
16101 1
16116 1
16120 1
16128 1
48904 1
48908 1
16159 1
16168 1
16173 1
16176 1
16177 1
48951 1
33273 1
16209 1
147289 1
16221 1
16223 1
16227 1
16233 1
16248 1
16251 1
16255 1
16266 1
49036 1
114584 1
34367 1
16286 1
49056 1
16305 1
16331 1
81892 1
16358 1
49145 1
16390 1
49172 1
16423 1
16429 1
16441 1
49222 1
16482 1
16484 1
16488 1
16493 1
16507 1
16544 1
278692 1
16557 1
16559 1
16571 1
311487 1
16581 1
16593 1
16595 1
68302 1
16611 1
109666 1
16621 1
16624 1
16625 1
16652 1
16665 1
147759 1
16688 1
71479 1
232160 1
16707 1
16715 1
16724 1
49494 1
16728 1
16732 1
16743 1
49522 1
16755 1
16783 1
16786 1
49555 1
49560 1
16793 1
180652 1
16818 1
16821 1
35572 1
16828 1
16829 1
16831 1
16835 1
16846 1
16848 1
16849 1
35577 1
16870 1
16873 1
16885 1
639478 1
16889 1
16901 1
16913 1
35588 1
16923 1
16926 1
16945 1
16972 1
16994 1
17002 1
17009 1
17010 1
79294 1
33938 1
17026 1
17041 1
17045 1
17046 1
35609 1
17054 1
17055 1
17057 1
17058 1
17066 1
17077 1
17095 1
41079 1
17104 1
38759 1
49878 1
17112 1
17113 1
17123 1
166695 1
1524461 1
17136 1
17137 1
148247 1
17177 1
17178 1
35633 1
17192 1
17203 1
17204 1
17213 1
17218 1
57483 1
17220 1
17221 1
17225 1
17259 1
17282 1
82819 1
44851 1
17304 1
17324 1
17378 1
17390 1
17405 1
17408 1
17413 1
50189 1
17423 1
17434 1
198075 1
17447 1
17453 1
574515 1
17468 1
17484 1
17489 1
17493 1
17504 1
17505 1
17513 1
17514 1
17522 1
50292 1
17541 1
17542 1
17560 1
83098 1
17572 1
17573 1
17580 1
17587 1
17588 1
17592 1
17596 1
83142 1
17616 1
50386 1
17625 1
17632 1
50405 1
68476 1
83180 1
50429 1
17663 1
17665 1
17672 1
17683 1
148758 1
17692 1
50470 1
17711 1
17713 1
17714 1
17715 1
17732 1
17736 1
17744 1
17749 1
17768 1
17776 1
50548 1
17786 1
50555 1
17801 1
17809 1
762094 1
17816 1
17818 1
17825 1
50612 1
17851 1
83399 1
17864 1
17865 1
17867 1
17880 1
17889 1
17891 1
17895 1
35755 1
17934 1
215981 1
17953 1
17954 1
17966 1
17971 1
17985 1
17997 1
50768 1
83539 1
18013 1
18023 1
18027 1
18030 1
18043 1
18045 1
18058 1
18072 1
83616 1
18095 1
18115 1
41249 1
44760 1
41251 1
18157 1
18169 1
1459971 1
18189 1
83734 1
18210 1
182051 1
18215 1
35804 1
18233 1
18240 1
182091 1
51021 1
83796 1
18268 1
18269 1
35813 1
18285 1
34434 1
18322 1
18327 1
18353 1
18354 1
51123 1
18363 1
18377 1
18381 1
18383 1
33346 1
18390 1
164282 1
215008 1
18401 1
18409 1
18413 1
35837 1
18422 1
18428 1
39403 1
149509 1
18450 1
18460 1
18474 1
51245 1
18480 1
149564 1
35850 1
18497 1
34441 1
920588 1
18508 1
18512 1
18515 1
18521 1
313444 1
18537 1
18558 1
18563 1
18573 1
18581 1
18595 1
35258 1
51398 1
18631 1
18637 1
18640 1
18659 1
18686 1
67181 1
60635 1
18713 1
18714 1
18715 1
18722 1
18723 1
149796 1
84273 1
68662 1
35895 1
18767 1
18772 1
18800 1
280952 1
18809 1
18810 1
18852 1
18857 1
51637 1
18884 1
18901 1
18910 1
18917 1
18930 1
379388 1
18966 1
248354 1
18980 1
19003 1
19004 1
19007 1
19021 1
19031 1
19041 1
772709 1
35943 1
19055 1
19059 1
19091 1
510615 1
19120 1
19128 1
19160 1
51940 1
19192 1
19205 1
19207 1
51999 1
19239 1
19240 1
19260 1
19265 1
19266 1
52035 1
84807 1
19280 1
19282 1
248668 1
19318 1
19326 1
52104 1
19351 1
66112 1
19358 1
19373 1
19385 1
19386 1
19395 1
19405 1
19418 1
33954 1
19430 1
19451 1
19458 1
19469 1
19475 1
52251 1
19488 1
19492 1
52267 1
19523 1
19530 1
117860 1
19576 1
216189 1
19582 1
52352 1
85125 1
19590 1
117912 1
73759 1
19636 1
19639 1
19653 1
19655 1
36046 1
41515 1
19743 1
233068 1
19758 1
281912 1
19818 1
19821 1
19823 1
19828 1
85377 1
36076 1
52632 1
19867 1
19869 1
19876 1
36081 1
19904 1
19918 1
19936 1
118255 1
19956 1
52729 1
19967 1
85523 1
151062 1
36102 1
20017 1
20019 1
52792 1
20037 1
20048 1
20050 1
85601 1
20095 1
52874 1
20107 1
20108 1
112582 1
20135 1
20147 1
20148 1
20161 1
20166 1
52939 1
20190 1
20191 1
52985 1
20219 1
20232 1
20247 1
20251 1
20280 1
20301 1
20318 1
20319 1
53090 1
20324 1
20329 1
329107 1
20346 1
20347 1
20362 1
20373 1
20376 1
20382 1
20384 1
20386 1
20397 1
20400 1
53173 1
20408 1
20434 1
20458 1
33415 1
20463 1
20467 1
20472 1
20473 1
101719 1
20493 1
68953 1
1783812 1
20512 1
20524 1
20535 1
53316 1
20564 1
53333 1
20577 1
20592 1
36200 1
20606 1
20608 1
20627 1
200046 1
20638 1
2463893 1
20650 1
20651 1
20684 1
20692 1
41678 1
20705 1
20708 1
20718 1
53515 1
53544 1
20784 1
20793 1
20794 1
36235 1
20844 1
33429 1
20884 1
53656 1
20915 1
39978 1
20956 1
20957 1
20963 1
20983 1
53761 1
20997 1
21011 1
21013 1
21016 1
21021 1
21024 1
21030 1
21037 1
21038 1
184886 1
21047 1
119353 1
381519 1
86611 1
21078 1
21080 1
53852 1
21115 1
119435 1
21138 1
21141 1
21143 1
33438 1
21177 1
53997 1
21238 1
21259 1
21276 1
21278 1
54055 1
21300 1
21349 1
21362 1
54140 1
86909 1
21411 1
21430 1
54201 1
21439 1
21455 1
21465 1
21469 1
107344 1
21482 1
21493 1
54270 1
21509 1
41817 1
21536 1
21550 1
21585 1
21591 1
185444 1
21626 1
21654 1
21669 1
152748 1
21677 1
21680 1
382143 1
21702 1
21704 1
21709 1
54496 1
21745 1
21750 1
69162 1
87294 1
21773 1
21776 1
21777 1
21793 1
54568 1
54569 1
21809 1
21823 1
637154 1
21857 1
21862 1
21873 1
21874 1
21886 1
21895 1
21923 1
185765 1
21929 1
21948 1
120257 1
33465 1
22002 1
22004 1
22009 1
22012 1
54794 1
22045 1
22046 1
22062 1
22093 1
22101 1
22102 1
54871 1
22105 1
22125 1
22134 1
36460 1
22158 1
54958 1
22198 1
22200 1
153273 1
87745 1
120533 1
22238 1
153329 1
22273 1
55047 1
55068 1
55071 1
22313 1
22316 1
22332 1
22337 1
22339 1
22341 1
22349 1
22350 1
22355 1
36496 1
22455 1
22460 1
49250 1
22491 1
55306 1
22547 1
22565 1
22584 1
34577 1
55366 1
74764 1
22605 1
55379 1
153684 1
41998 1
22616 1
22625 1
22631 1
22632 1
22642 1
35670 1
22649 1
22650 1
22666 1
55436 1
22682 1
22716 1
22721 1
36558 1
22744 1
317185 1
22750 1
55522 1
22766 1
22813 1
22832 1
22843 1
22851 1
22873 1
22895 1
22938 1
22961 1
88502 1
22976 1
22978 1
22979 1
143090 1
22986 1
38955 1
167673 1
23002 1
103332 1
23025 1
55797 1
23042 1
23046 1
23048 1
23056 1
23066 1
23127 1
23137 1
23154 1
23159 1
23190 1
23207 1
55986 1
33507 1
187116 1
56045 1
23281 1
23292 1
56068 1
23311 1
88883 1
56119 1
23374 1
23407 1
23417 1
154491 1
23425 1
23428 1
23431 1
23438 1
364357 1
23475 1
121793 1
148085 1
23518 1
557260 1
56326 1
173231 1
56351 1
23602 1
23605 1
23614 1
23617 1
23623 1
23626 1
23648 1
23660 1
23671 1
23672 1
23674 1
56453 1
89241 1
23707 1
23715 1
89252 1
23718 1
23719 1
23724 1
23725 1
613550 1
89272 1
23750 1
23751 1
47654 1
23821 1
89360 1
23833 1
23868 1
102283 1
23877 1
38985 1
23898 1
23899 1
23961 1
220572 1
298906 1
23966 1
122271 1
56743 1
23978 1
23981 1
56750 1
33533 1
56776 1
56778 1
56781 1
24027 1
24028 1
24033 1
56803 1
36774 1
24051 1
24057 1
35076 1
24078 1
36781 1
34628 1
24136 1
49325 1
24163 1
24164 1
24168 1
56954 1
24194 1
24268 1
24302 1
24321 1
24339 1
168195 1
941890 1
36835 1
39002 1
24406 1
24439 1
24445 1
24448 1
24473 1
24485 1
86003 1
24501 1
24502 1
24504 1
122848 1
24549 1
122854 1
57325 1
90104 1
24586 1
279057 1
24622 1
57403 1
188490 1
24653 1
36877 1
24684 1
319610 1
24715 1
221359 1
24752 1
24757 1
24785 1
90326 1
57572 1
155879 1
24816 1
36904 1
24836 1
24854 1
24855 1
36912 1
57664 1
24899 1
90442 1
36921 1
36925 1
24946 1
24964 1
24965 1
254350 1
24986 1
57760 1
24995 1
123317 1
25028 1
25043 1
25045 1
25073 1
25074 1
25081 1
25089 1
69718 1
57863 1
69719 1
1139218 1
102489 1
57882 1
33989 1
304560 1
90663 1
90671 1
25158 1
57928 1
25165 1
25177 1
25183 1
25187 1
233576 1
25230 1
53361 1
25275 1
25302 1
25322 1
36989 1
75219 1
39033 1
254728 1
25367 1
25378 1
102535 1
25419 1
156501 1
33581 1
25454 1
25456 1
25475 1
25480 1
25493 1
25508 1
25510 1
25512 1
25523 1
222142 1
25550 1
58326 1
25567 1
25582 1
25586 1
25606 1
25613 1
25616 1
189464 1
25651 1
25660 1
25714 1
25744 1
156829 1
1107115 1
25781 1
138343 1
91388 1
58629 1
25864 1
69854 1
58710 1
25962 1
25963 1
25969 1
25988 1
26015 1
26046 1
26073 1
484826 1
58855 1
26092 1
58887 1
26124 1
26131 1
26132 1
26179 1
26188 1
58960 1
100418 1
58969 1
91757 1
26228 1
26231 1
38364 1
26259 1
26262 1
26290 1
26292 1
26297 1
37151 1
26300 1
26304 1
26308 1
113612 1
26319 1
59104 1
26358 1
190210 1
26376 1
37164 1
26382 1
42631 1
26418 1
26424 1
26433 1
26437 1
26441 1
37176 1
59237 1
69949 1
26498 1
26568 1
26581 1
92151 1
102740 1
59410 1
256053 1
26687 1
26694 1
91833 1
59483 1
26731 1
26735 1
26745 1
26757 1
59530 1
103835 1
102772 1
26831 1
26897 1
26916 1
26919 1
212576 1
33631 1
26973 1
92522 1
92541 1
27012 1
37270 1
27016 1
27033 1
33634 1
223651 1
27057 1
27062 1
27064 1
27081 1
27144 1
27158 1
92704 1
59945 1
70068 1
59967 1
27241 1
27249 1
92811 1
496070 1
27310 1
60081 1
27328 1
27335 1
27348 1
27411 1
27414 1
27416 1
27418 1
60205 1
27451 1
27475 1
27480 1
27490 1
27497 1
27503 1
60273 1
27510 1
34741 1
27515 1
37354 1
60298 1
27536 1
37361 1
27587 1
27617 1
27623 1
27628 1
27629 1
27633 1
27688 1
507059 1
27717 1
93280 1
27754 1
27760 1
27772 1
27773 1
27803 1
27836 1
27838 1
27841 1
93390 1
27867 1
60642 1
27927 1
27952 1
27964 1
60796 1
60798 1
60799 1
28056 1
28059 1
28075 1
28094 1
28100 1
28106 1
28118 1
37457 1
28142 1
28174 1
60965 1
28238 1
28256 1
28306 1
28320 1
257702 1
61101 1
28346 1
28370 1
28371 1
192227 1
28416 1
28446 1
61300 1
28535 1
61358 1
34778 1
28648 1
28658 1
75776 1
28675 1
94218 1
192523 1
28709 1
28739 1
37559 1
28756 1
28763 1
28775 1
94344 1
127121 1
114030 1
28822 1
28850 1
28852 1
94424 1
28892 1
64890 1
28929 1
28986 1
28999 1
61783 1
61821 1
94590 1
39319 1
29111 1
29136 1
61911 1
61918 1
234242 1
29219 1
29248 1
29261 1
29264 1
40255 1
29276 1
29295 1
29310 1
29316 1
29325 1
62109 1
160424 1
70434 1
29392 1
29402 1
71905 1
95021 1
62265 1
62276 1
95055 1
29522 1
29538 1
29547 1
62328 1
62340 1
29603 1
29604 1
29606 1
62385 1
62410 1
29658 1
29669 1
29704 1
34814 1
29714 1
62505 1
29739 1
62540 1
29775 1
128086 1
29786 1
62585 1
29824 1
62600 1
37741 1
2529142 1
29869 1
29919 1
29932 1
29963 1
30019 1
30030 1
95567 1
30036 1
62809 1
30044 1
62824 1
62835 1
30154 1
38390 1
521686 1
37796 1
30199 1
81504 1
30275 1
128584 1
95821 1
30294 1
63068 1
30311 1
37824 1
30352 1
104668 1
398277 1
30377 1
63154 1
30395 1
30415 1
30434 1
30465 1
161544 1
30482 1
30484 1
30537 1
30547 1
30560 1
30566 1
96113 1
30631 1
30663 1
30695 1
30706 1
30721 1
129048 1
30746 1
227383 1
96371 1
76138 1
37911 1
30883 1
63659 1
30896 1
63668 1
30911 1
30922 1
63694 1
30927 1
391446 1
194842 1
33767 1
63805 1
63815 1
31054 1
31083 1
31095 1
31105 1
31135 1
31160 1
96715 1
195033 1
63982 1
31279 1
3708003 1
37989 1
64096 1
129688 1
76229 1
326307 1
64183 1
31423 1
31432 1
43474 1
70784 1
38018 1
359221 1
201869 1
31625 1
64403 1
43505 1
97192 1
349349 1
97266 1
31760 1
64534 1
164728 1
31821 1
31827 1
31829 1
195689 1
31876 1
4232385 1
316614 1
38098 1
32008 1
64798 1
32038 1
32078 1
64850 1
39259 1
33804 1
32154 1
64943 1
32241 1
32257 1
32258 1
136450 1
32271 1
32286 1
32333 1
38160 1
130714 1
38171 1
32459 1
65235 1
65249 1
32560 1
38196 1
32580 1
32596 1
99287 1
33820 1
465797009 1
32686 1
32701 1
294853 1
32724 1
1948 2
2221 2
2301 2
2400 2
2415 2
2522 2
2560 2
2607 2
2706 2
2714 2
2715 2
2733 2
2734 2
2741 2
2752 2
2769 2
2781 2
2787 2
2808 2
2813 2
2848 2
2859 2
2860 2
2874 2
2887 2
2895 2
2903 2
2905 2
2909 2
2917 2
2920 2
2934 2
2944 2
2963 2
2972 2
2973 2
2985 2
2993 2
3003 2
3021 2
3023 2
3032 2
3036 2
3042 2
3045 2
3048 2
3056 2
3058 2
3059 2
3060 2
3072 2
3080 2
3084 2
3093 2
3099 2
3116 2
3122 2
3125 2
3133 2
3136 2
3139 2
3142 2
3143 2
3145 2
3152 2
3157 2
3176 2
3188 2
3189 2
3190 2
3194 2
3195 2
3199 2
3202 2
3204 2
3210 2
3222 2
3227 2
3233 2
3240 2
3244 2
3246 2
3249 2
3257 2
3261 2
3272 2
3288 2
3292 2
3298 2
3300 2
3301 2
3311 2
3317 2
3337 2
3341 2
3344 2
3357 2
3362 2
3363 2
3377 2
3378 2
3392 2
3394 2
3409 2
3410 2
3420 2
3422 2
3427 2
3434 2
3441 2
3445 2
3446 2
3448 2
3449 2
3453 2
3458 2
3460 2
3461 2
3464 2
3467 2
3469 2
3474 2
3478 2
3480 2
3484 2
3488 2
3493 2
3498 2
3505 2
3506 2
3507 2
3509 2
3518 2
3519 2
3525 2
3532 2
3538 2
3541 2
3544 2
3546 2
3559 2
3560 2
3561 2
3562 2
3565 2
3570 2
3588 2
3595 2
3596 2
3600 2
3604 2
3619 2
3622 2
3627 2
3638 2
3639 2
3646 2
3648 2
3649 2
3653 2
3654 2
3655 2
3659 2
3665 2
3668 2
3670 2
3673 2
3678 2
3685 2
3686 2
3696 2
3704 2
3706 2
3709 2
3714 2
3715 2
3716 2
3721 2
3724 2
3727 2
3750 2
3755 2
3756 2
3758 2
3761 2
3772 2
3781 2
3789 2
3809 2
3813 2
3814 2
3815 2
3818 2
3823 2
3833 2
3834 2
3836 2
3839 2
3846 2
3848 2
3849 2
3850 2
3852 2
3853 2
3864 2
3870 2
3871 2
3873 2
3879 2
3885 2
3886 2
3890 2
3895 2
3898 2
3902 2
3910 2
3918 2
3922 2
3929 2
3930 2
3931 2
3933 2
3939 2
3943 2
3947 2
3948 2
3949 2
3954 2
3955 2
3959 2
3963 2
3964 2
3970 2
3972 2
3977 2
3979 2
3990 2
3994 2
3995 2
3997 2
3998 2
3999 2
4002 2
4004 2
4010 2
4012 2
4015 2
4019 2
4023 2
4024 2
4025 2
4027 2
4028 2
4033 2
4035 2
4044 2
4053 2
4055 2
4058 2
4060 2
4063 2
4068 2
4070 2
4072 2
4074 2
4078 2
4079 2
4081 2
4085 2
4089 2
4095 2
4099 2
4100 2
4102 2
4106 2
4108 2
4110 2
4112 2
4114 2
4115 2
4117 2
4120 2
4121 2
4133 2
4138 2
4148 2
4154 2
4156 2
4165 2
4170 2
4172 2
4175 2
4179 2
4180 2
4190 2
4200 2
4203 2
4207 2
4209 2
4212 2
4215 2
4220 2
4231 2
4232 2
4233 2
4235 2
4239 2
4245 2
4248 2
4251 2
4255 2
4257 2
4258 2
4263 2
4271 2
4273 2
4280 2
4285 2
4287 2
4291 2
4293 2
4294 2
4297 2
4302 2
4305 2
4308 2
4310 2
4311 2
4312 2
4313 2
4314 2
4322 2
4323 2
4327 2
4331 2
4337 2
4340 2
4342 2
4343 2
4344 2
4351 2
4352 2
4354 2
4355 2
4356 2
4358 2
4364 2
4365 2
4373 2
4377 2
4380 2
4381 2
4383 2
4384 2
4391 2
4394 2
4395 2
4398 2
4401 2
4409 2
4412 2
4413 2
4417 2
4425 2
4426 2
4430 2
4431 2
4437 2
4439 2
4441 2
4444 2
4449 2
4450 2
4452 2
4453 2
4463 2
4468 2
4469 2
4471 2
4477 2
4480 2
4483 2
4485 2
4486 2
4491 2
4492 2
4493 2
4494 2
4502 2
4506 2
4509 2
4514 2
4517 2
4521 2
4522 2
4523 2
4524 2
4527 2
4528 2
4529 2
4531 2
4533 2
4534 2
4536 2
4539 2
4540 2
4546 2
4549 2
4555 2
4560 2
4562 2
4564 2
4569 2
4575 2
4585 2
4586 2
4589 2
4591 2
4592 2
4594 2
4595 2
4600 2
4606 2
4608 2
4610 2
4614 2
4623 2
4624 2
4628 2
4632 2
4633 2
4640 2
4641 2
4647 2
4648 2
4649 2
4650 2
4652 2
4654 2
4655 2
4659 2
4661 2
4675 2
4679 2
4693 2
4700 2
4705 2
4708 2
4710 2
4711 2
4715 2
4732 2
4742 2
4745 2
4746 2
4748 2
4751 2
4752 2
4754 2
4756 2
4766 2
4772 2
4778 2
4788 2
4792 2
4795 2
4797 2
4798 2
4801 2
4809 2
4812 2
4817 2
4820 2
4825 2
4832 2
4836 2
4843 2
4844 2
4866 2
4868 2
4869 2
4872 2
4873 2
4877 2
4881 2
4883 2
4884 2
4887 2
4890 2
4891 2
4895 2
4900 2
4904 2
4909 2
4916 2
4922 2
4923 2
4930 2
4932 2
4941 2
4943 2
4946 2
4947 2
4948 2
4951 2
4957 2
4960 2
4961 2
4965 2
4970 2
4973 2
4986 2
4987 2
4988 2
4992 2
4994 2
5000 2
5002 2
5004 2
5005 2
5007 2
5011 2
5012 2
5016 2
5020 2
5023 2
5028 2
5030 2
5031 2
5043 2
5045 2
5047 2
5050 2
5053 2
5055 2
5057 2
5061 2
5062 2
5069 2
5071 2
5075 2
5080 2
5083 2
5092 2
5095 2
5096 2
5102 2
5109 2
5110 2
5111 2
5116 2
5122 2
5128 2
5131 2
5137 2
5140 2
5144 2
5158 2
5168 2
5170 2
5174 2
5176 2
5179 2
5183 2
5184 2
5186 2
5195 2
5198 2
5205 2
5214 2
5216 2
5217 2
5220 2
5225 2
5226 2
5228 2
5232 2
5248 2
5257 2
5261 2
5264 2
5266 2
5280 2
5281 2
5283 2
5285 2
5289 2
5293 2
5299 2
5300 2
5316 2
5317 2
5318 2
5320 2
5330 2
5334 2
5335 2
5344 2
5347 2
5352 2
5355 2
5357 2
5361 2
5369 2
5370 2
5371 2
5373 2
5376 2
5378 2
5386 2
5392 2
5393 2
5394 2
5395 2
5400 2
5401 2
5403 2
5406 2
5414 2
5416 2
5424 2
5427 2
5428 2
5431 2
5435 2
5436 2
5441 2
5443 2
5444 2
5447 2
5450 2
5451 2
5457 2
5462 2
5467 2
5474 2
5483 2
5487 2
5498 2
5501 2
5515 2
5538 2
5542 2
5543 2
5548 2
5560 2
5563 2
5570 2
5578 2
5579 2
5584 2
5586 2
5589 2
5598 2
5606 2
5608 2
5610 2
5618 2
5619 2
5622 2
5623 2
5625 2
5627 2
5630 2
5635 2
5638 2
5640 2
5641 2
5642 2
5650 2
5653 2
5658 2
5661 2
5669 2
5677 2
5683 2
5686 2
5703 2
5704 2
5705 2
5717 2
5720 2
5721 2
5722 2
5724 2
5735 2
5739 2
5740 2
5748 2
5754 2
5756 2
5759 2
5762 2
5764 2
5767 2
5774 2
5775 2
5776 2
5779 2
5780 2
5785 2
5790 2
5794 2
5796 2
5810 2
5812 2
5818 2
5819 2
5822 2
5824 2
5828 2
5834 2
5838 2
5845 2
5877 2
5879 2
5880 2
5882 2
5883 2
5890 2
5894 2
5899 2
5905 2
5908 2
5917 2
5921 2
5932 2
5934 2
5958 2
5962 2
5985 2
5986 2
5990 2
6000 2
6007 2
6013 2
6015 2
6016 2
6021 2
6022 2
6023 2
6025 2
6028 2
6048 2
6052 2
6059 2
6061 2
6070 2
6075 2
6094 2
6097 2
6104 2
6109 2
6118 2
6121 2
6124 2
6125 2
6128 2
6130 2
6133 2
6150 2
6156 2
6157 2
6159 2
6165 2
6188 2
6194 2
6200 2
6221 2
6222 2
6230 2
6234 2
6244 2
6246 2
6247 2
6251 2
6255 2
6256 2
6263 2
6278 2
6281 2
6282 2
6286 2
6289 2
6292 2
6295 2
6296 2
6310 2
6311 2
6314 2
6315 2
6321 2
6324 2
6332 2
6357 2
6365 2
6369 2
6380 2
6383 2
6387 2
6392 2
6393 2
6398 2
6407 2
6436 2
6446 2
6447 2
6469 2
6491 2
6494 2
6498 2
6500 2
6507 2
6533 2
6536 2
6540 2
6543 2
6549 2
6551 2
6564 2
6577 2
6583 2
6588 2
6601 2
6603 2
6604 2
6606 2
6610 2
6619 2
6622 2
6625 2
6635 2
6643 2
6646 2
6655 2
6656 2
6659 2
6668 2
6675 2
6683 2
6700 2
6710 2
6733 2
6745 2
6756 2
6763 2
6764 2
6772 2
6776 2
6800 2
6814 2
6851 2
6857 2
6862 2
6887 2
6889 2
6897 2
6907 2
6909 2
6911 2
6921 2
6923 2
6949 2
6953 2
6963 2
6964 2
6966 2
6971 2
6976 2
6977 2
6992 2
7006 2
7012 2
7023 2
7030 2
7035 2
7043 2
7049 2
7050 2
7059 2
7073 2
7077 2
7085 2
7086 2
7097 2
7128 2
7134 2
7138 2
7149 2
7154 2
7163 2
7167 2
7191 2
7216 2
7224 2
7225 2
7232 2
7245 2
7276 2
7289 2
7291 2
7293 2
7309 2
7316 2
7349 2
7360 2
7363 2
7365 2
7379 2
7391 2
7408 2
7413 2
7423 2
7461 2
7479 2
7492 2
7507 2
7510 2
7561 2
7594 2
7598 2
7606 2
7608 2
7609 2
7650 2
7654 2
7675 2
7682 2
7693 2
7700 2
7714 2
7715 2
7743 2
7758 2
7763 2
7766 2
7782 2
7788 2
7798 2
7809 2
7814 2
7839 2
7842 2
7859 2
7920 2
7932 2
7948 2
7956 2
7988 2
8019 2
8034 2
8043 2
8056 2
8060 2
8067 2
8100 2
8108 2
8157 2
8163 2
8165 2
8166 2
8171 2
8194 2
8212 2
8215 2
8223 2
8255 2
8268 2
8271 2
8297 2
8324 2
8344 2
8353 2
8386 2
8396 2
8400 2
8413 2
8428 2
8449 2
8481 2
8483 2
8488 2
8506 2
8533 2
8562 2
8576 2
8582 2
8596 2
8602 2
8637 2
8639 2
8655 2
8660 2
8662 2
8677 2
8695 2
8715 2
8792 2
8799 2
8891 2
8902 2
8928 2
8935 2
8945 2
8953 2
8959 2
8988 2
9026 2
9041 2
9046 2
9056 2
9070 2
9076 2
9078 2
9082 2
9144 2
9147 2
9176 2
9183 2
9206 2
9216 2
9217 2
9218 2
9220 2
9277 2
9284 2
9304 2
9314 2
9343 2
9346 2
9347 2
9406 2
9417 2
9422 2
9442 2
9456 2
9474 2
9610 2
9621 2
9642 2
9712 2
9718 2
9766 2
9803 2
9835 2
9838 2
9869 2
9875 2
10035 2
10143 2
10182 2
10196 2
10236 2
10265 2
10273 2
10279 2
10331 2
10393 2
10442 2
10462 2
10479 2
10516 2
10520 2
10524 2
10537 2
10588 2
10600 2
10671 2
10678 2
10714 2
10770 2
10771 2
10791 2
10818 2
10834 2
10836 2
10919 2
10923 2
10970 2
11016 2
11060 2
11090 2
11153 2
11186 2
11193 2
11218 2
11220 2
11288 2
11294 2
11342 2
11470 2
11494 2
11634 2
11664 2
11760 2
11786 2
11787 2
11849 2
12034 2
12041 2
12071 2
12091 2
12206 2
12304 2
12417 2
12419 2
12429 2
12472 2
12506 2
12563 2
12645 2
12718 2
38614 2
12901 2
13014 2
13026 2
13051 2
13056 2
13078 2
13124 2
78782 2
13249 2
13575 2
13704 2
13861 2
14068 2
14094 2
14243 2
14269 2
14340 2
14349 2
14786 2
14788 2
14879 2
14915 2
14970 2
15088 2
15157 2
15198 2
15263 2
15501 2
15535 2
15539 2
15540 2
48418 2
16244 2
17056 2
17577 2
17687 2
18522 2
19066 2
19616 2
19807 2
19831 2
36082 2
20142 2
20558 2
20764 2
21347 2
21799 2
23450 2
23600 2
25279 2
27061 2
29652 2
30093 2
2264 3
2287 3
2309 3
2347 3
2355 3
2369 3
2451 3
2490 3
2493 3
2500 3
2519 3
2539 3
2551 3
2558 3
2561 3
2565 3
2594 3
2611 3
2636 3
2638 3
2639 3
2640 3
2666 3
2672 3
2680 3
2683 3
2693 3
2699 3
2718 3
2728 3
2729 3
2751 3
2780 3
2790 3
2793 3
2796 3
2797 3
2818 3
2833 3
2853 3
2879 3
2880 3
2886 3
2904 3
2910 3
2916 3
2918 3
2923 3
2924 3
2933 3
2943 3
2953 3
2957 3
2966 3
2977 3
2991 3
2999 3
3011 3
3022 3
3040 3
3057 3
3066 3
3067 3
3071 3
3077 3
3078 3
3090 3
3104 3
3107 3
3115 3
3119 3
3123 3
3134 3
3141 3
3150 3
3155 3
3164 3
3165 3
3174 3
3177 3
3178 3
3180 3
3187 3
3192 3
3198 3
3207 3
3208 3
3217 3
3220 3
3226 3
3230 3
3245 3
3247 3
3254 3
3263 3
3265 3
3268 3
3270 3
3279 3
3282 3
3285 3
3286 3
3294 3
3296 3
3299 3
3302 3
3304 3
3305 3
3306 3
3307 3
3313 3
3318 3
3320 3
3322 3
3325 3
3326 3
3330 3
3335 3
3336 3
3338 3
3345 3
3349 3
3354 3
3361 3
3368 3
3369 3
3370 3
3372 3
3373 3
3380 3
3381 3
3387 3
3389 3
3390 3
3391 3
3396 3
3398 3
3402 3
3404 3
3406 3
3413 3
3414 3
3416 3
3428 3
3429 3
3432 3
3433 3
3435 3
3444 3
3452 3
3456 3
3463 3
3468 3
3470 3
3472 3
3479 3
3490 3
3497 3
3503 3
3511 3
3512 3
3517 3
3522 3
3523 3
3524 3
3528 3
3535 3
3537 3
3540 3
3547 3
3552 3
3554 3
3567 3
3575 3
3576 3
3585 3
3587 3
3589 3
3590 3
3593 3
3603 3
3607 3
3608 3
3609 3
3612 3
3620 3
3630 3
3632 3
3633 3
3635 3
3636 3
3637 3
3641 3
3642 3
3645 3
3658 3
3667 3
3671 3
3679 3
3681 3
3687 3
3700 3
3702 3
3703 3
3705 3
3718 3
3719 3
3731 3
3735 3
3738 3
3741 3
3744 3
3746 3
3747 3
3754 3
3762 3
3763 3
3767 3
3774 3
3775 3
3776 3
3777 3
3780 3
3783 3
3793 3
3795 3
3799 3
3801 3
3810 3
3817 3
3819 3
3820 3
3825 3
3828 3
3832 3
3858 3
3863 3
3874 3
3875 3
3877 3
3887 3
3888 3
3889 3
3893 3
3896 3
3900 3
3903 3
3904 3
3911 3
3912 3
3920 3
3921 3
3932 3
3934 3
3937 3
3941 3
3958 3
3960 3
3961 3
3965 3
3966 3
3968 3
3971 3
3982 3
3987 3
3993 3
4000 3
4001 3
4003 3
4014 3
4020 3
4021 3
4032 3
4034 3
4038 3
4039 3
4042 3
4043 3
4050 3
4054 3
4056 3
4061 3
4062 3
4065 3
4067 3
4069 3
4075 3
4077 3
4082 3
4083 3
4087 3
4097 3
4123 3
4128 3
4131 3
4136 3
4139 3
4141 3
4144 3
4146 3
4147 3
4150 3
4162 3
4171 3
4178 3
4183 3
4185 3
4188 3
4189 3
4196 3
4197 3
4202 3
4205 3
4217 3
4218 3
4221 3
4223 3
4226 3
4229 3
4234 3
4236 3
4244 3
4264 3
4265 3
4268 3
4276 3
4278 3
4307 3
4316 3
4318 3
4321 3
4325 3
4326 3
4329 3
4332 3
4333 3
4338 3
4341 3
4348 3
4372 3
4378 3
4385 3
4386 3
4390 3
4399 3
4421 3
4424 3
4427 3
4428 3
4434 3
4436 3
4448 3
4451 3
4457 3
4459 3
4461 3
4466 3
4472 3
4473 3
4476 3
4478 3
4482 3
4490 3
4495 3
4496 3
4497 3
4498 3
4505 3
4515 3
4520 3
4535 3
4537 3
4545 3
4556 3
4561 3
4577 3
4581 3
4587 3
4590 3
4597 3
4612 3
4618 3
4621 3
4625 3
4627 3
4638 3
4642 3
4651 3
4668 3
4671 3
4672 3
4674 3
4684 3
4697 3
4702 3
4709 3
4712 3
4713 3
4717 3
4723 3
4730 3
4733 3
4750 3
4755 3
4775 3
4789 3
4802 3
4807 3
4811 3
4826 3
4829 3
4838 3
4840 3
4841 3
4842 3
4855 3
4856 3
4874 3
4894 3
4897 3
4902 3
4911 3
4931 3
4937 3
4952 3
4963 3
4964 3
4980 3
4985 3
4995 3
4999 3
5009 3
5010 3
5015 3
5017 3
5059 3
5065 3
5073 3
5076 3
5082 3
5090 3
5091 3
5093 3
5097 3
5106 3
5108 3
5121 3
5123 3
5143 3
5163 3
5175 3
5187 3
5199 3
5202 3
5210 3
5239 3
5240 3
5249 3
5255 3
5260 3
5262 3
5269 3
5271 3
5277 3
5279 3
5295 3
5305 3
5311 3
5314 3
5321 3
5383 3
5396 3
5407 3
5417 3
5418 3
5419 3
5442 3
5449 3
5454 3
5478 3
5497 3
5522 3
5523 3
5558 3
5571 3
5601 3
5617 3
5626 3
5628 3
5639 3
5647 3
5674 3
5700 3
5718 3
5741 3
5744 3
5747 3
5770 3
5795 3
5800 3
5803 3
5807 3
5907 3
5939 3
5940 3
5943 3
5952 3
5956 3
5971 3
5976 3
5978 3
5981 3
5987 3
5991 3
5994 3
6002 3
6014 3
6037 3
6055 3
6071 3
6081 3
6084 3
6100 3
6105 3
6119 3
6158 3
6163 3
6187 3
6205 3
6207 3
6242 3
6322 3
6352 3
6363 3
6375 3
6401 3
6415 3
6445 3
6457 3
6467 3
6493 3
6497 3
6505 3
6527 3
6531 3
6550 3
6559 3
6560 3
6563 3
6567 3
6681 3
6726 3
6812 3
6903 3
6927 3
6933 3
7045 3
7117 3
7185 3
7195 3
7233 3
7285 3
7327 3
7557 3
7567 3
7785 3
7794 3
7909 3
7987 3
8068 3
8185 3
8227 3
8307 3
8461 3
8793 3
9115 3
9518 3
10007 3
10027 3
10241 3
10473 3
1870 4
2002 4
2100 4
2112 4
2114 4
2222 4
2234 4
2350 4
2352 4
2383 4
2398 4
2403 4
2404 4
2411 4
2418 4
2420 4
2465 4
2469 4
2471 4
2481 4
2501 4
2530 4
2535 4
2545 4
2552 4
2569 4
2576 4
2597 4
2622 4
2623 4
2653 4
2654 4
2663 4
2677 4
2678 4
2681 4
2682 4
2684 4
2686 4
2691 4
2701 4
2717 4
2736 4
2742 4
2747 4
2758 4
2759 4
2763 4
2764 4
2765 4
2775 4
2776 4
2784 4
2785 4
2789 4
2799 4
2800 4
2801 4
2807 4
2827 4
2829 4
2831 4
2836 4
2838 4
2843 4
2844 4
2845 4
2849 4
2852 4
2857 4
2875 4
2876 4
2888 4
2891 4
2896 4
2898 4
2907 4
2921 4
2930 4
2949 4
2951 4
2958 4
2960 4
2961 4
2978 4
2987 4
2994 4
2997 4
2998 4
3000 4
3005 4
3006 4
3008 4
3016 4
3019 4
3024 4
3034 4
3044 4
3052 4
3054 4
3062 4
3068 4
3074 4
3079 4
3085 4
3089 4
3091 4
3092 4
3097 4
3098 4
3101 4
3102 4
3111 4
3112 4
3113 4
3114 4
3127 4
3129 4
3131 4
3138 4
3140 4
3146 4
3147 4
3153 4
3159 4
3163 4
3167 4
3170 4
3173 4
3185 4
3193 4
3205 4
3206 4
3211 4
3216 4
3218 4
3221 4
3229 4
3234 4
3237 4
3241 4
3242 4
3243 4
3256 4
3259 4
3273 4
3276 4
3277 4
3281 4
3289 4
3293 4
3295 4
3308 4
3321 4
3334 4
3339 4
3340 4
3346 4
3350 4
3351 4
3356 4
3364 4
3375 4
3379 4
3382 4
3393 4
3397 4
3411 4
3415 4
3418 4
3421 4
3425 4
3439 4
3457 4
3465 4
3466 4
3476 4
3494 4
3496 4
3504 4
3514 4
3527 4
3531 4
3534 4
3536 4
3539 4
3545 4
3551 4
3555 4
3572 4
3577 4
3579 4
3584 4
3591 4
3592 4
3594 4
3606 4
3611 4
3618 4
3621 4
3623 4
3625 4
3629 4
3631 4
3643 4
3647 4
3650 4
3652 4
3660 4
3661 4
3664 4
3672 4
3677 4
3683 4
3689 4
3694 4
3697 4
3707 4
3720 4
3725 4
3728 4
3743 4
3773 4
3786 4
3803 4
3805 4
3807 4
3808 4
3829 4
3830 4
3831 4
3842 4
3845 4
3847 4
3854 4
3866 4
3869 4
3881 4
3907 4
3946 4
3950 4
3953 4
3956 4
3962 4
3969 4
3973 4
3981 4
3989 4
4005 4
4007 4
4008 4
4011 4
4013 4
4016 4
4017 4
4018 4
4022 4
4026 4
4029 4
4049 4
4052 4
4059 4
4086 4
4090 4
4092 4
4094 4
4096 4
4104 4
4105 4
4113 4
4118 4
4129 4
4134 4
4142 4
4149 4
4158 4
4164 4
4167 4
4168 4
4182 4
4184 4
4186 4
4187 4
4194 4
4198 4
4206 4
4210 4
4213 4
4214 4
4222 4
4228 4
4250 4
4253 4
4277 4
4281 4
4284 4
4298 4
4300 4
4328 4
4335 4
4346 4
4353 4
4375 4
4388 4
4440 4
4442 4
4454 4
4456 4
4464 4
4465 4
4513 4
4526 4
4532 4
4538 4
4554 4
4557 4
4570 4
4573 4
4580 4
4583 4
4629 4
4631 4
4669 4
4677 4
4681 4
4687 4
4729 4
4731 4
4737 4
4738 4
4757 4
4759 4
4764 4
4773 4
4779 4
4781 4
4810 4
4813 4
4819 4
4860 4
4878 4
4901 4
4919 4
4940 4
4944 4
4945 4
4954 4
4979 4
5001 4
5021 4
5032 4
5089 4
5105 4
5145 4
5236 4
5274 4
5282 4
5446 4
5466 4
5477 4
5524 4
5580 4
5847 4
6044 4
6346 4
6396 4
6573 4
6642 4
6821 4
6885 4
6922 4
7041 4
7244 4
7911 4
8497 4
9251 4
10184 4
10927 4
1874 5
2171 5
2172 5
2180 5
2265 5
2282 5
2284 5
2312 5
2314 5
2316 5
2341 5
2342 5
2384 5
2399 5
2405 5
2410 5
2419 5
2421 5
2432 5
2435 5
2441 5
2462 5
2464 5
2475 5
2480 5
2486 5
2509 5
2514 5
2520 5
2534 5
2537 5
2546 5
2555 5
2559 5
2562 5
2563 5
2570 5
2580 5
2590 5
2591 5
2595 5
2601 5
2604 5
2610 5
2612 5
2614 5
2625 5
2629 5
2632 5
2633 5
2642 5
2651 5
2652 5
2655 5
2659 5
2661 5
2673 5
2675 5
2685 5
2698 5
2708 5
2711 5
2720 5
2725 5
2731 5
2732 5
2735 5
2739 5
2740 5
2757 5
2761 5
2768 5
2772 5
2791 5
2810 5
2821 5
2822 5
2825 5
2826 5
2830 5
2842 5
2855 5
2858 5
2866 5
2867 5
2869 5
2873 5
2881 5
2892 5
2901 5
2913 5
2940 5
2964 5
2968 5
2969 5
2970 5
2979 5
2982 5
2989 5
3007 5
3009 5
3010 5
3017 5
3018 5
3027 5
3035 5
3038 5
3039 5
3047 5
3049 5
3050 5
3051 5
3069 5
3070 5
3073 5
3082 5
3086 5
3094 5
3106 5
3110 5
3118 5
3135 5
3151 5
3154 5
3169 5
3171 5
3175 5
3181 5
3182 5
3183 5
3197 5
3209 5
3231 5
3238 5
3248 5
3250 5
3251 5
3255 5
3266 5
3280 5
3284 5
3303 5
3309 5
3315 5
3342 5
3366 5
3384 5
3395 5
3403 5
3424 5
3426 5
3430 5
3450 5
3451 5
3487 5
3508 5
3513 5
3530 5
3533 5
3542 5
3543 5
3549 5
3553 5
3573 5
3586 5
3599 5
3602 5
3615 5
3644 5
3666 5
3674 5
3680 5
3684 5
3688 5
3698 5
3711 5
3722 5
3729 5
3730 5
3739 5
3749 5
3751 5
3769 5
3816 5
3821 5
3856 5
3860 5
3865 5
3868 5
3878 5
3894 5
3897 5
3899 5
3905 5
3916 5
3919 5
3967 5
3978 5
4040 5
4093 5
4111 5
4130 5
4132 5
4157 5
4173 5
4193 5
4246 5
4256 5
4261 5
4283 5
4336 5
4361 5
4366 5
4367 5
4370 5
4389 5
4402 5
4414 5
4419 5
4474 5
4588 5
4637 5
4689 5
4704 5
4720 5
4850 5
4864 5
4865 5
4915 5
5019 5
5166 5
5234 5
5272 5
5412 5
5437 5
5706 5
5887 5
6594 5
6663 5
1701 6
1852 6
1920 6
1932 6
1960 6
1989 6
2027 6
2054 6
2096 6
2110 6
2149 6
2152 6
2155 6
2181 6
2198 6
2203 6
2207 6
2208 6
2235 6
2243 6
2260 6
2285 6
2294 6
2298 6
2302 6
2307 6
2318 6
2332 6
2338 6
2363 6
2365 6
2374 6
2387 6
2390 6
2395 6
2422 6
2445 6
2446 6
2448 6
2449 6
2456 6
2468 6
2478 6
2485 6
2494 6
2498 6
2505 6
2508 6
2523 6
2524 6
2525 6
2573 6
2585 6
2587 6
2588 6
2589 6
2593 6
2609 6
2613 6
2616 6
2624 6
2635 6
2644 6
2645 6
2646 6
2648 6
2649 6
2650 6
2656 6
2657 6
2658 6
2665 6
2669 6
2671 6
2674 6
2687 6
2692 6
2695 6
2697 6
2705 6
2710 6
2713 6
2721 6
2724 6
2726 6
2727 6
2743 6
2745 6
2753 6
2773 6
2774 6
2786 6
2792 6
2794 6
2795 6
2804 6
2806 6
2816 6
2828 6
2832 6
2847 6
2850 6
2851 6
2854 6
2861 6
2868 6
2877 6
2885 6
2894 6
2906 6
2908 6
2912 6
2914 6
2929 6
2932 6
2936 6
2948 6
2956 6
2959 6
2980 6
2984 6
2990 6
3002 6
3026 6
3030 6
3037 6
3064 6
3065 6
3081 6
3095 6
3108 6
3109 6
3124 6
3126 6
3132 6
3148 6
3156 6
3158 6
3160 6
3179 6
3186 6
3196 6
3200 6
3214 6
3224 6
3228 6
3262 6
3269 6
3271 6
3275 6
3278 6
3291 6
3314 6
3324 6
3327 6
3355 6
3358 6
3367 6
3371 6
3386 6
3388 6
3399 6
3400 6
3405 6
3407 6
3412 6
3419 6
3431 6
3440 6
3491 6
3492 6
3500 6
3515 6
3548 6
3568 6
3583 6
3598 6
3617 6
3624 6
3676 6
3690 6
3752 6
3759 6
3796 6
3822 6
3835 6
3843 6
3867 6
3872 6
3913 6
3992 6
4116 6
4127 6
4208 6
4219 6
4303 6
4620 6
7325 6
1838 7
1943 7
1970 7
2062 7
2069 7
2086 7
2105 7
2140 7
2153 7
2163 7
2178 7
2193 7
2199 7
2200 7
2201 7
2228 7
2231 7
2232 7
2249 7
2262 7
2263 7
2295 7
2303 7
2311 7
2321 7
2323 7
2329 7
2339 7
2344 7
2354 7
2358 7
2362 7
2367 7
2372 7
2376 7
2377 7
2379 7
2380 7
2402 7
2406 7
2409 7
2413 7
2426 7
2429 7
2439 7
2442 7
2453 7
2455 7
2461 7
2470 7
2482 7
2489 7
2491 7
2506 7
2513 7
2516 7
2517 7
2528 7
2532 7
2536 7
2540 7
2553 7
2556 7
2568 7
2575 7
2577 7
2579 7
2583 7
2603 7
2605 7
2606 7
2608 7
2617 7
2626 7
2630 7
2631 7
2637 7
2679 7
2696 7
2700 7
2712 7
2719 7
2730 7
2746 7
2749 7
2750 7
2766 7
2767 7
2770 7
2777 7
2783 7
2788 7
2802 7
2805 7
2811 7
2812 7
2823 7
2834 7
2862 7
2865 7
2871 7
2882 7
2883 7
2889 7
2890 7
2899 7
2900 7
2911 7
2915 7
2919 7
2926 7
2928 7
2939 7
2945 7
2955 7
2965 7
2981 7
3001 7
3012 7
3013 7
3014 7
3029 7
3031 7
3041 7
3043 7
3046 7
3063 7
3088 7
3121 7
3166 7
3168 7
3184 7
3201 7
3203 7
3239 7
3267 7
3274 7
3287 7
3310 7
3319 7
3331 7
3353 7
3359 7
3360 7
3374 7
3385 7
3459 7
3462 7
3481 7
3499 7
3574 7
3662 7
3732 7
3740 7
3764 7
3882 7
3935 7
4423 7
4978 7
5191 7
1840 8
1869 8
1893 8
1950 8
1984 8
1987 8
1996 8
2001 8
2015 8
2021 8
2022 8
2031 8
2068 8
2077 8
2092 8
2102 8
2126 8
2137 8
2139 8
2142 8
2173 8
2176 8
2177 8
2192 8
2195 8
2205 8
2216 8
2218 8
2229 8
2230 8
2246 8
2248 8
2252 8
2255 8
2266 8
2269 8
2271 8
2276 8
2283 8
2286 8
2290 8
2297 8
2306 8
2320 8
2343 8
2349 8
2351 8
2357 8
2366 8
2368 8
2389 8
2391 8
2392 8
2396 8
2412 8
2423 8
2425 8
2431 8
2436 8
2437 8
2440 8
2450 8
2467 8
2472 8
2474 8
2477 8
2495 8
2496 8
2499 8
2502 8
2507 8
2510 8
2512 8
2526 8
2527 8
2531 8
2533 8
2538 8
2549 8
2550 8
2557 8
2566 8
2571 8
2572 8
2578 8
2581 8
2584 8
2596 8
2598 8
2618 8
2619 8
2620 8
2643 8
2668 8
2676 8
2688 8
2702 8
2704 8
2707 8
2738 8
2755 8
2756 8
2760 8
2798 8
2809 8
2839 8
2846 8
2870 8
2872 8
2884 8
2893 8
2962 8
2971 8
3028 8
3033 8
3055 8
3087 8
3103 8
3212 8
3215 8
3253 8
3283 8
3443 8
3516 8
3691 8
3695 8
3771 8
3924 8
1753 9
1761 9
1765 9
1847 9
1856 9
1881 9
1882 9
1898 9
1937 9
1956 9
1961 9
1968 9
1971 9
1983 9
1991 9
1995 9
2003 9
2014 9
2017 9
2039 9
2045 9
2061 9
2066 9
2071 9
2080 9
2083 9
2091 9
2103 9
2120 9
2121 9
2124 9
2127 9
2131 9
2135 9
2143 9
2146 9
2169 9
2170 9
2182 9
2184 9
2185 9
2206 9
2209 9
2211 9
2213 9
2217 9
2227 9
2233 9
2236 9
2242 9
2251 9
2267 9
2268 9
2280 9
2281 9
2292 9
2293 9
2296 9
2305 9
2319 9
2326 9
2328 9
2330 9
2335 9
2348 9
2356 9
2360 9
2370 9
2375 9
2382 9
2388 9
2393 9
2397 9
2401 9
2408 9
2414 9
2417 9
2430 9
2433 9
2447 9
2452 9
2458 9
2459 9
2460 9
2483 9
2492 9
2497 9
2504 9
2518 9
2542 9
2547 9
2548 9
2564 9
2567 9
2574 9
2582 9
2586 9
2592 9
2600 9
2634 9
2647 9
2664 9
2670 9
2689 9
2723 9
2754 9
2778 9
2840 9
2864 9
2897 9
2902 9
2927 9
2931 9
2952 9
3061 9
3100 9
3172 9
3213 9
3219 9
3252 9
3510 9
3626 9
3737 9
1585 10
1605 10
1606 10
1720 10
1751 10
1778 10
1779 10
1844 10
1846 10
1865 10
1876 10
1892 10
1917 10
1922 10
1923 10
1953 10
1975 10
1977 10
1990 10
1998 10
2007 10
2008 10
2028 10
2032 10
2052 10
2053 10
2056 10
2060 10
2064 10
2067 10
2074 10
2079 10
2097 10
2098 10
2125 10
2133 10
2144 10
2150 10
2151 10
2166 10
2179 10
2190 10
2197 10
2204 10
2210 10
2212 10
2214 10
2215 10
2219 10
2225 10
2240 10
2247 10
2253 10
2272 10
2273 10
2279 10
2304 10
2315 10
2317 10
2324 10
2340 10
2345 10
2353 10
2386 10
2427 10
2434 10
2443 10
2457 10
2473 10
2476 10
2487 10
2488 10
2515 10
2521 10
2554 10
2599 10
2602 10
2615 10
2621 10
2628 10
2662 10
2667 10
2709 10
2722 10
2762 10
2779 10
2815 10
2841 10
2856 10
2863 10
2878 10
2937 10
2942 10
2975 10
2986 10
3004 10
3075 10
3096 10
3137 10
3223 10
1590 11
1660 11
1706 11
1727 11
1728 11
1785 11
1792 11
1810 11
1812 11
1816 11
1851 11
1860 11
1880 11
1887 11
1894 11
1940 11
1944 11
1958 11
1959 11
1965 11
1967 11
1969 11
1974 11
2000 11
2005 11
2011 11
2018 11
2019 11
2024 11
2029 11
2047 11
2075 11
2084 11
2090 11
2093 11
2095 11
2154 11
2160 11
2165 11
2175 11
2187 11
2189 11
2191 11
2196 11
2220 11
2226 11
2238 11
2244 11
2250 11
2258 11
2274 11
2275 11
2291 11
2299 11
2325 11
2333 11
2346 11
2361 11
2373 11
2385 11
2407 11
2424 11
2428 11
2463 11
2479 11
2484 11
2503 11
2529 11
2544 11
2627 11
2660 11
2690 11
2737 11
2817 11
2820 11
2824 11
2835 11
2837 11
2922 11
2974 11
2976 11
3025 11
3076 11
3083 11
3343 11
1501 12
1652 12
1678 12
1697 12
1719 12
1757 12
1799 12
1802 12
1814 12
1820 12
1835 12
1841 12
1859 12
1862 12
1866 12
1875 12
1879 12
1900 12
1901 12
1904 12
1907 12
1914 12
1921 12
1935 12
1941 12
1946 12
1951 12
1957 12
1986 12
1999 12
2012 12
2055 12
2065 12
2073 12
2078 12
2087 12
2094 12
2101 12
2106 12
2118 12
2122 12
2123 12
2128 12
2129 12
2147 12
2148 12
2167 12
2183 12
2188 12
2223 12
2239 12
2241 12
2257 12
2259 12
2270 12
2277 12
2288 12
2331 12
2336 12
2337 12
2371 12
2394 12
2438 12
2444 12
2466 12
2694 12
2716 12
2744 12
2782 12
1637 13
1651 13
1653 13
1714 13
1715 13
1752 13
1804 13
1807 13
1809 13
1825 13
1827 13
1833 13
1843 13
1845 13
1850 13
1861 13
1871 13
1889 13
1906 13
1910 13
1919 13
1925 13
1928 13
1952 13
1978 13
1980 13
1982 13
1993 13
2004 13
2006 13
2026 13
2034 13
2059 13
2063 13
2072 13
2076 13
2081 13
2082 13
2088 13
2099 13
2107 13
2108 13
2113 13
2116 13
2138 13
2156 13
2161 13
2164 13
2174 13
2186 13
2202 13
2224 13
2237 13
2289 13
2300 13
2308 13
2322 13
2334 13
2359 13
2364 13
2378 13
2381 13
2511 13
2748 13
1540 14
1553 14
1600 14
1626 14
1633 14
1689 14
1700 14
1726 14
1729 14
1732 14
1736 14
1743 14
1756 14
1766 14
1774 14
1782 14
1786 14
1791 14
1796 14
1817 14
1818 14
1829 14
1831 14
1832 14
1867 14
1877 14
1884 14
1905 14
1912 14
1916 14
1929 14
1962 14
1976 14
1981 14
1985 14
2009 14
2010 14
2030 14
2040 14
2046 14
2070 14
2089 14
2117 14
2134 14
2136 14
2168 14
2245 14
2254 14
2278 14
2327 14
2416 14
2541 14
2641 14
2803 14
1482 15
1487 15
1586 15
1669 15
1680 15
1690 15
1694 15
1718 15
1738 15
1742 15
1749 15
1750 15
1759 15
1771 15
1773 15
1775 15
1783 15
1794 15
1803 15
1813 15
1828 15
1848 15
1868 15
1883 15
1895 15
1902 15
1908 15
1913 15
1926 15
1938 15
1949 15
1954 15
1963 15
1988 15
1997 15
2016 15
2023 15
2033 15
2036 15
2042 15
2049 15
2057 15
2058 15
2145 15
2158 15
2162 15
2256 15
2261 15
2310 15
2454 15
2543 15
1358 16
1512 16
1524 16
1604 16
1616 16
1659 16
1662 16
1668 16
1675 16
1679 16
1685 16
1688 16
1695 16
1705 16
1713 16
1781 16
1784 16
1789 16
1800 16
1819 16
1837 16
1849 16
1858 16
1872 16
1885 16
1897 16
1903 16
1911 16
1918 16
1936 16
1945 16
1994 16
2020 16
2043 16
2050 16
2104 16
2130 16
2141 16
2159 16
2313 16
1530 17
1565 17
1597 17
1598 17
1607 17
1611 17
1618 17
1641 17
1642 17
1667 17
1673 17
1698 17
1702 17
1735 17
1739 17
1747 17
1755 17
1758 17
1763 17
1769 17
1788 17
1798 17
1815 17
1836 17
1896 17
1899 17
1909 17
1924 17
1931 17
1933 17
1939 17
1942 17
1972 17
1979 17
2013 17
2035 17
2037 17
2041 17
2048 17
2111 17
2115 17
1379 18
1383 18
1401 18
1489 18
1525 18
1528 18
1556 18
1559 18
1572 18
1577 18
1581 18
1599 18
1610 18
1630 18
1645 18
1654 18
1661 18
1684 18
1686 18
1703 18
1724 18
1730 18
1734 18
1764 18
1795 18
1797 18
1808 18
1853 18
1854 18
1888 18
1930 18
1992 18
2051 18
2119 18
2194 18
1411 19
1443 19
1497 19
1499 19
1533 19
1536 19
1542 19
1543 19
1544 19
1545 19
1548 19
1555 19
1566 19
1567 19
1582 19
1583 19
1588 19
1589 19
1594 19
1622 19
1624 19
1628 19
1629 19
1631 19
1643 19
1648 19
1649 19
1656 19
1664 19
1674 19
1699 19
1707 19
1711 19
1737 19
1768 19
1780 19
1801 19
1822 19
1823 19
1830 19
1855 19
1857 19
1864 19
1886 19
1927 19
1947 19
1966 19
2044 19
2132 19
1444 20
1507 20
1509 20
1515 20
1523 20
1550 20
1596 20
1601 20
1614 20
1617 20
1620 20
1722 20
1746 20
1770 20
1772 20
1805 20
1824 20
1839 20
1863 20
1891 20
1934 20
1955 20
1973 20
2025 20
2038 20
1290 21
1392 21
1404 21
1450 21
1451 21
1480 21
1494 21
1495 21
1552 21
1558 21
1603 21
1615 21
1623 21
1625 21
1647 21
1658 21
1696 21
1704 21
1709 21
1710 21
1744 21
1748 21
1777 21
1793 21
1826 21
1834 21
1915 21
1378 22
1409 22
1414 22
1416 22
1452 22
1456 22
1471 22
1476 22
1478 22
1505 22
1516 22
1521 22
1527 22
1557 22
1570 22
1573 22
1592 22
1635 22
1639 22
1640 22
1650 22
1676 22
1683 22
1687 22
1708 22
1721 22
1745 22
1821 22
1890 22
2085 22
1361 23
1445 23
1462 23
1470 23
1506 23
1513 23
1531 23
1537 23
1539 23
1560 23
1569 23
1576 23
1584 23
1591 23
1593 23
1602 23
1636 23
1665 23
1670 23
1682 23
1693 23
1754 23
1790 23
1806 23
1842 23
1964 23
2109 23
1303 24
1330 24
1396 24
1430 24
1455 24
1472 24
1477 24
1500 24
1503 24
1517 24
1520 24
1562 24
1574 24
1595 24
1608 24
1612 24
1627 24
1671 24
1681 24
1717 24
1723 24
1760 24
1762 24
1767 24
1776 24
1787 24
1811 24
1873 24
2157 24
1301 25
1399 25
1422 25
1427 25
1457 25
1467 25
1473 25
1475 25
1498 25
1534 25
1535 25
1579 25
1587 25
1657 25
1663 25
1691 25
1692 25
1725 25
1317 26
1339 26
1359 26
1425 26
1431 26
1463 26
1483 26
1488 26
1490 26
1493 26
1514 26
1522 26
1538 26
1580 26
1609 26
1613 26
1621 26
1644 26
1646 26
1677 26
1716 26
1731 26
1740 26
1741 26
1878 26
1205 27
1250 27
1272 27
1279 27
1284 27
1321 27
1328 27
1343 27
1348 27
1353 27
1370 27
1394 27
1397 27
1413 27
1417 27
1423 27
1435 27
1453 27
1465 27
1466 27
1484 27
1518 27
1575 27
1578 27
1619 27
1638 27
1655 27
1672 27
1273 28
1307 28
1313 28
1337 28
1346 28
1352 28
1360 28
1371 28
1405 28
1421 28
1426 28
1429 28
1436 28
1448 28
1459 28
1460 28
1464 28
1486 28
1496 28
1502 28
1546 28
1712 28
1733 28
1229 29
1267 29
1289 29
1302 29
1309 29
1318 29
1326 29
1369 29
1400 29
1412 29
1418 29
1419 29
1428 29
1433 29
1438 29
1441 29
1468 29
1510 29
1511 29
1526 29
1541 29
1551 29
1561 29
1634 29
1202 30
1314 30
1331 30
1362 30
1380 30
1382 30
1390 30
1402 30
1410 30
1424 30
1434 30
1439 30
1447 30
1469 30
1474 30
1492 30
1563 30
1568 30
1666 30
1209 31
1219 31
1253 31
1262 31
1263 31
1285 31
1286 31
1291 31
1296 31
1298 31
1304 31
1310 31
1324 31
1351 31
1367 31
1375 31
1377 31
1403 31
1420 31
1432 31
1454 31
1461 31
1479 31
1481 31
1504 31
1519 31
1532 31
1547 31
1549 31
1571 31
1169 32
1228 32
1231 32
1233 32
1234 32
1249 32
1305 32
1347 32
1372 32
1381 32
1389 32
1395 32
1437 32
1442 32
1458 32
1485 32
1529 32
1632 32
1128 33
1146 33
1224 33
1268 33
1320 33
1327 33
1332 33
1334 33
1336 33
1356 33
1364 33
1385 33
1388 33
1415 33
1554 33
1161 34
1181 34
1208 34
1230 34
1247 34
1257 34
1266 34
1288 34
1297 34
1315 34
1319 34
1342 34
1365 34
1393 34
1564 34
1166 35
1167 35
1174 35
1191 35
1204 35
1243 35
1276 35
1292 35
1300 35
1311 35
1340 35
1349 35
1363 35
1387 35
1398 35
1406 35
1446 35
1491 35
1508 35
1215 36
1240 36
1248 36
1275 36
1306 36
1329 36
1338 36
1345 36
1366 36
1373 36
1391 36
1407 36
1408 36
1449 36
1156 37
1160 37
1175 37
1211 37
1220 37
1221 37
1222 37
1239 37
1245 37
1246 37
1269 37
1295 37
1323 37
1325 37
1335 37
1344 37
1350 37
1185 38
1226 38
1264 38
1270 38
1274 38
1278 38
1293 38
1299 38
1341 38
1368 38
1087 39
1123 39
1168 39
1180 39
1197 39
1214 39
1217 39
1271 39
1277 39
1282 39
1354 39
1376 39
1386 39
1141 40
1194 40
1235 40
1241 40
1242 40
1308 40
1357 40
1440 40
1089 41
1158 41
1210 41
1255 41
1259 41
1265 41
1283 41
1384 41
1125 42
1137 42
1163 42
1186 42
1223 42
1225 42
1374 42
1122 43
1148 43
1162 43
1172 43
1177 43
1196 43
1203 43
1212 43
1238 43
1254 43
1260 43
1075 44
1077 44
1126 44
1132 44
1136 44
1140 44
1150 44
1157 44
1170 44
1179 44
1189 44
1195 44
1206 44
1218 44
1256 44
1294 44
1355 44
1102 45
1114 45
1116 45
1139 45
1198 45
1251 45
1322 45
1082 46
1088 46
1107 46
1117 46
1118 46
1149 46
1155 46
1176 46
1280 46
1281 46
1071 47
1083 47
1094 47
1099 47
1115 47
1127 47
1130 47
1188 47
1199 47
1207 47
1258 47
1046 48
1153 48
1164 48
1201 48
1213 48
1227 48
1232 48
1236 48
1244 48
1287 48
1040 49
1109 49
1112 49
1131 49
1165 49
1178 49
1182 49
1216 49
1252 49
1044 50
1084 50
1113 50
1144 50
1147 50
1151 50
1190 50
1192 50
1193 50
1333 50
1056 51
1057 51
1062 51
1097 51
1124 51
1145 51
1154 51
1159 51
1184 51
1237 51
1316 51
1048 52
1072 52
1078 52
1079 52
1120 52
1134 52
1152 52
1261 52
968 53
1041 53
1052 53
1073 53
1093 53
1105 53
1051 54
1059 54
1121 54
1187 54
1312 54
998 55
1042 55
1053 55
1070 55
1081 55
1096 55
1111 55
1142 55
1171 55
1060 56
1067 56
1101 56
1119 56
1009 57
1027 57
1129 57
1135 57
1010 58
1023 58
1061 58
1065 58
1074 58
1092 58
1104 58
1110 58
1183 58
1028 59
1036 59
1038 59
1064 59
1068 59
1085 59
1133 59
939 60
971 60
976 60
1011 60
1013 60
1069 60
1103 60
1143 60
1173 60
1000 61
1018 61
1021 61
1043 61
1045 61
1012 62
1050 62
1054 62
1066 62
1108 62
1138 62
991 63
1016 63
1030 63
1063 63
1080 63
1090 63
1200 63
966 64
1001 64
1007 64
1014 64
1031 64
1049 64
1058 64
1098 64
1100 64
974 65
985 65
1005 65
892 66
956 66
986 66
994 66
1017 66
1034 66
1086 66
1091 66
978 67
979 67
1032 67
1095 67
949 68
992 68
1024 68
1055 68
890 69
943 69
972 69
995 69
999 69
1003 69
1004 69
1008 69
1033 69
1047 69
955 70
959 70
962 70
973 70
982 70
996 70
1037 70
907 71
952 71
988 71
891 72
926 72
967 72
981 72
987 72
1026 72
1106 72
900 73
933 73
941 73
957 73
960 73
993 73
1025 73
950 74
909 75
935 75
940 75
947 75
989 75
1006 75
1039 75
856 76
923 76
931 76
954 76
881 77
882 77
917 77
922 77
930 77
958 77
963 77
969 77
977 77
997 77
1019 77
1035 77
911 78
928 78
936 78
1002 78
1015 78
1029 78
887 79
896 79
910 79
942 79
1076 79
920 80
951 80
984 80
990 80
879 81
927 81
937 81
938 81
964 81
983 81
1022 81
898 82
903 82
908 82
934 82
1020 82
833 83
844 83
875 83
899 83
919 83
925 83
980 83
820 84
970 84
880 85
918 85
929 85
945 85
953 85
961 85
869 86
946 86
862 87
877 87
895 87
924 87
815 88
847 88
883 88
904 88
859 89
811 90
823 90
850 90
855 90
871 90
921 90
932 90
831 91
853 91
889 91
901 91
912 91
916 91
812 92
842 92
878 92
810 93
873 93
897 93
884 94
888 94
915 94
948 94
965 94
975 94
794 95
834 95
837 95
870 95
885 95
893 95
902 95
772 96
818 97
858 97
816 98
852 98
872 98
832 99
841 99
854 99
866 99
867 99
874 99
944 99
830 100
857 100
913 100
835 101
863 102
851 103
860 103
905 103
914 103
845 104
894 104
876 105
814 106
849 106
906 106
776 107
825 107
861 107
865 107
765 108
798 108
839 108
848 108
804 109
846 109
829 110
886 110
781 111
792 111
801 111
809 111
838 111
757 112
774 112
780 112
789 112
791 112
759 113
768 113
787 113
788 113
819 113
821 113
826 113
828 113
747 114
779 114
807 114
864 114
868 115
806 116
817 116
766 117
803 117
840 117
843 117
778 118
799 118
802 118
719 119
743 119
769 119
771 119
785 119
795 119
752 120
783 120
793 121
822 121
813 122
784 123
827 123
761 124
797 124
732 125
770 125
790 125
758 126
705 127
715 127
755 127
796 127
726 128
739 128
808 128
805 129
740 130
763 130
800 130
836 130
750 131
773 131
824 131
748 132
767 132
777 132
721 133
728 133
786 133
725 134
741 134
742 134
756 134
782 134
707 135
775 135
727 136
760 136
735 137
754 137
717 138
738 138
749 139
764 139
734 140
694 141
729 141
736 141
746 141
753 141
709 143
718 143
722 143
751 143
712 144
737 144
703 146
708 147
711 147
730 147
733 147
695 148
706 148
716 148
731 148
744 148
704 149
702 150
693 151
699 151
762 151
688 152
674 153
701 153
714 153
710 154
672 155
697 155
682 156
713 157
724 160
745 160
647 162
673 162
687 162
700 162
723 162
637 163
685 163
720 163
653 164
654 164
696 164
683 165
686 167
679 168
692 168
648 169
657 169
680 169
659 171
669 172
698 172
639 173
662 173
678 173
689 173
664 174
629 175
650 175
646 176
665 176
670 176
675 176
655 177
671 178
643 179
663 179
656 180
661 180
690 180
631 181
633 181
651 181
667 181
677 181
623 182
608 183
638 183
642 183
619 184
666 184
681 185
649 186
676 186
691 186
645 187
668 187
622 189
684 190
591 192
630 192
616 193
627 193
641 193
660 193
635 195
625 196
636 196
620 197
652 197
614 200
628 201
624 203
605 205
644 205
582 207
640 207
596 208
609 208
617 208
634 208
658 211
615 213
626 213
632 213
595 214
597 216
611 216
621 216
607 217
583 218
606 219
610 219
565 222
602 222
604 222
613 222
618 224
561 226
612 227
590 229
603 229
578 230
598 230
584 231
599 231
589 232
593 233
592 234
587 235
573 236
601 237
571 239
579 241
586 242
600 242
581 243
574 245
572 246
555 247
585 247
577 249
588 249
554 250
594 250
559 251
562 251
564 252
556 253
548 255
567 255
580 255
568 256
576 256
551 257
553 257
549 258
552 258
566 258
563 262
547 263
569 264
530 268
529 269
557 271
558 274
575 275
545 276
537 278
570 278
560 283
527 284
536 284
539 284
541 284
528 286
534 287
533 291
523 293
538 293
543 296
519 297
532 297
531 298
518 301
542 301
524 302
502 303
546 303
550 303
535 306
522 308
526 309
516 310
544 311
501 313
515 314
521 315
506 317
517 317
511 318
510 319
498 320
499 328
493 329
497 329
525 329
513 330
496 331
475 332
486 333
540 334
505 336
514 336
508 337
488 339
509 339
477 340
520 340
494 341
504 341
492 342
512 342
473 347
503 347
500 350
481 353
495 357
491 359
467 361
478 361
507 361
472 363
484 365
482 367
487 368
490 368
474 369
483 370
489 373
485 374
469 375
480 375
476 377
470 378
471 383
464 389
479 390
463 392
454 396
457 401
458 402
455 403
449 404
466 405
461 407
468 407
442 410
465 410
459 413
456 417
453 423
462 423
452 432
450 433
426 434
448 434
435 435
445 435
431 441
439 447
447 448
451 453
437 455
444 460
460 463
425 465
438 465
420 466
433 466
443 467
416 469
436 469
430 470
428 471
446 472
432 474
423 476
441 476
424 477
418 479
429 480
434 483
415 492
440 497
413 498
419 501
417 505
422 505
421 509
427 509
409 514
401 516
402 520
403 520
404 526
412 528
411 533
405 536
407 537
408 540
389 547
399 547
406 548
391 553
395 554
398 555
414 555
410 560
394 567
396 571
388 573
397 580
387 585
392 589
390 601
375 602
393 611
386 612
400 614
381 615
382 617
385 624
373 625
384 629
367 634
368 637
379 638
377 639
383 640
369 641
380 641
376 643
361 645
366 647
371 657
365 659
374 664
354 665
372 668
378 690
359 694
355 698
356 719
370 723
358 728
363 729
351 734
362 734
349 738
348 743
360 743
352 745
341 752
357 754
353 762
350 763
364 763
346 765
344 767
347 772
335 778
339 786
345 789
333 793
343 812
329 815
332 815
336 823
337 829
331 838
334 839
342 847
330 850
323 851
340 851
338 860
327 865
318 883
324 886
325 888
326 893
319 895
328 901
317 913
321 913
314 915
311 923
307 930
309 930
312 930
322 931
313 937
316 954
315 988
320 988
305 989
310 992
303 1000
306 1007
302 1013
304 1015
299 1017
298 1027
301 1030
308 1034
297 1067
296 1072
295 1085
291 1093
292 1103
287 1104
285 1114
289 1121
293 1153
294 1158
283 1160
281 1174
284 1187
286 1199
288 1203
290 1210
282 1220
267 1225
274 1246
276 1247
279 1252
278 1255
300 1255
277 1263
273 1269
275 1280
265 1285
272 1299
271 1315
263 1329
269 1331
266 1334
268 1355
264 1373
259 1375
262 1384
257 1391
280 1409
258 1422
261 1427
270 1436
255 1456
260 1471
249 1475
251 1488
248 1493
252 1498
254 1499
253 1507
247 1515
256 1528
244 1579
246 1588
238 1624
245 1635
239 1641
241 1646
242 1672
243 1675
250 1720
237 1722
235 1739
236 1797
232 1807
231 1813
233 1834
234 1843
229 1859
227 1862
230 1890
221 1908
226 1911
225 1935
223 1937
219 1939
218 1942
224 1956
228 1959
240 1989
222 1993
215 2003
216 2067
217 2109
213 2162
214 2181
212 2217
206 2222
209 2223
208 2234
211 2236
207 2266
220 2267
203 2307
205 2320
202 2354
210 2380
201 2396
204 2417
199 2524
197 2540
195 2553
196 2558
198 2586
192 2611
193 2618
189 2627
194 2673
191 2743
185 2765
187 2779
186 2807
183 2819
190 2847
188 2871
184 2929
181 2959
182 2974
179 2989
200 2993
178 3041
177 3082
173 3089
174 3106
176 3228
167 3269
175 3273
169 3368
180 3379
172 3401
171 3413
166 3453
170 3509
168 3522
163 3525
165 3548
164 3596
161 3708
159 3814
162 3835
158 3889
155 3935
157 3948
153 4025
156 4068
151 4142
152 4154
154 4157
149 4272
147 4321
160 4381
148 4438
146 4540
145 4631
139 4684
143 4689
142 4702
144 4710
141 4765
138 4966
137 4993
150 5030
136 5136
134 5194
133 5263
135 5273
131 5360
140 5370
132 5558
129 5606
128 5710
127 5729
125 5866
126 5944
124 6031
123 6045
130 6059
122 6209
121 6398
119 6496
118 6628
117 6662
116 6840
115 6957
113 7070
114 7211
112 7533
111 7558
109 7607
107 7702
120 7810
106 7853
108 7897
105 8017
103 8075
110 8234
104 8242
101 8555
102 8845
98 8881
99 8959
97 9127
96 9508
95 9597
93 9911
94 10066
92 10179
91 10428
89 10743
87 11081
88 11295
100 11335
86 11470
85 11764
90 11858
83 11943
84 12199
82 12477
81 12634
79 13053
78 13771
77 13833
76 14519
75 14548
74 15033
73 15280
71 16177
69 16280
72 16403
80 16408
68 17156
67 17400
70 18339
65 18525
66 18809
63 19459
64 19506
62 20292
61 21030
59 21558
58 22437
57 22925
56 24305
55 25182
60 25706
53 25732
54 26113
52 27007
51 27719
49 29488
47 31346
48 31925
46 33008
45 34589
50 36283
43 36352
44 36627
42 39632
41 40121
39 42841
38 45264
37 47335
40 52266
36 52327
35 53127
34 56005
33 59970
32 65625
31 67111
29 70801
28 77290
30 78819
27 78847
26 83182
25 87881
23 98103
24 98805
22 109874
21 118118
19 132622
18 150640
20 153059
17 154212
16 182899
15 198804
14 220078
13 239639
12 299931
11 336320
9 367927
10 444834
8 452223
7 504678
6 664819
5 760206
4 1197021
3 2714344
2 4177823
1 6312932
